0,2.9555e+06,2.559e+06,5.2689e+06,1.3568e+06,2.5382e+06,3.5161e+06,4.4565e+05,4.6495e+05,1.5306e+06,2.1786e+06,3.4188e+06,2.2196e+05,4.1676e+05,3.1644e+06,2.9044e+06,1.2241e+06,8.2173e+05,1.0277e+06,2.5726e+06,1.1468e+06,9.862e+05,6.6432e+05,1.1526e+06,8.2976e+05,2.297e+06,2.6257e+06,1.6433e+06,7.6496e+05,1.3863e+06,1.5193e+06,5.9708e+05,3.1453e+06,3.8103e+06,3.1224e+06,3.9416e+06,1.876e+06,3.3608e+06,2.3424e+06,3.9544e+06,2.9392e+06,9.7433e+05,2.8526e+06,3.0387e+06,7.9666e+06,1.903e+06,2.402e+06,3.0898e+06,1.0887e+06,1.8466e+06,1.5364e+06,4.4601e+06,1.795e+06,2.1413e+06,2.8366e+05,3.8954e+06,1.1507e+06,3.6043e+06,3.4219e+06,1.911e+06,6.3999e+05,3.9662e+06,3.9571e+06,1.1297e+06,1.8765e+05,1.6375e+06,1.9651e+06,1.1573e+06,1.5843e+06,1.838e+06,1.591e+06,2.0159e+05,3.1511e+05,2.564e+06,1.332e+06,3.4015e+06,2.1751e+05,1.6508e+05,2.0274e+06,2.0995e+05,5.9118e+06,4.1071e+06,2.1952e+06,1.8405e+06,3.4216e+05,3.2418e+05,3.4798e+06,2.1495e+06,5.7262e+05,3.055e+05,3.8705e+06,2.1488e+05,5.0392e+05,8.7475e+05,3.8389e+06,3.2397e+06,6.5105e+05,7.9815e+05,4.0116e+06,6.7473e+05,1.461e+06,3.1548e+06,2.6615e+06,3.9391e+06,4.1214e+06,4.0967e+06,2.7734e+06,2.8691e+06,1.3409e+06,3.7971e+06,2.0865e+06,1.8674e+06,4.5225e+06,3.4322e+06,1.3669e+06,1.1601e+05,1.7707e+06,1.9902e+05,1.8119e+06,8.1728e+05,4.7259e+05,2.0395e+06,3.8249e+06,3.8567e+06,6.7311e+05,5.0324e+05,2.0704e+06,1.005e+06,1.9615e+06
2.9555e+06,0,4.3909e+05,4.2033e+06,2.0481e+06,9.9169e+05,1.4373e+06,2.6931e+06,3.3763e+06,1.8299e+06,1.3908e+06,1.2529e+06,3.1716e+06,2.5476e+06,1.8668e+06,3.6853e+05,2.4759e+06,2.2571e+06,2.3456e+06,6.9127e+05,1.8172e+06,2.014e+06,2.2927e+06,2.3481e+06,2.1516e+06,9.4883e+05,5.381e+05,1.3465e+06,2.1958e+06,1.6112e+06,1.7837e+06,3.5177e+06,2.1222e+06,8.6688e+05,3.6818e+05,1.7226e+06,1.5463e+06,4.5883e+05,9.0188e+05,1.2001e+06,4.7494e+05,2.0093e+06,1.517e+06,1.3546e+06,5.1925e+06,1.2452e+06,1.2152e+06,1.0423e+06,1.8813e+06,1.5532e+06,2.3929e+06,3.2935e+06,1.1605e+06,2.6605e+06,2.7607e+06,1.5275e+06,2.0582e+06,7.8353e+05,1.5295e+06,1.0838e+06,2.3324e+06,1.0696e+06,1.07e+06,1.8955e+06,3.1419e+06,1.5115e+06,2.7322e+06,1.8402e+06,1.5834e+06,1.8039e+06,1.907e+06,3.0733e+06,3.0135e+06,1.728e+06,1.8006e+06,1.8216e+06,2.9071e+06,3.0144e+06,1.6563e+06,2.9241e+06,5.066e+06,1.4304e+06,8.3629e+05,1.1606e+06,2.8479e+06,2.82e+06,5.293e+05,1.1628e+06,2.4166e+06,3.2487e+06,1.783e+06,3.143e+06,3.2232e+06,2.5352e+06,1.2646e+06,6.3337e+05,2.6229e+06,2.4061e+06,1.3787e+06,3.5863e+06,1.5156e+06,7.8131e+05,9.9048e+05,1.0075e+06,1.4447e+06,1.3908e+06,4.386e+06,92068,2.39e+06,1.9059e+06,1.2331e+06,1.2689e+06,3.2556e+06,1.6598e+06,1.5912e+06,3.0478e+06,1.2249e+06,2.767e+06,2.4234e+06,2.1383e+06,2.5195e+06,9.7309e+05,2.0676e+06,2.0216e+06,2.7628e+06,2.6584e+06,8.8911e+05,2.6234e+06,1.8195e+06
2.559e+06,4.3909e+05,0,4.4358e+06,1.609e+06,6.6694e+05,1.7278e+06,2.2743e+06,2.9927e+06,1.3914e+06,1.2931e+06,1.5482e+06,2.7712e+06,2.1592e+06,2.0133e+06,3.7827e+05,2.0369e+06,1.8335e+06,1.9086e+06,7.1352e+05,1.4403e+06,1.598e+06,1.8947e+06,1.9092e+06,1.7417e+06,5.3941e+05,5.79e+05,1.0091e+06,1.81e+06,1.2639e+06,1.5277e+06,3.1338e+06,2.2366e+06,1.2986e+06,5.7468e+05,2.0646e+06,1.364e+06,8.9663e+05,4.9909e+05,1.6275e+06,7.3689e+05,1.64e+06,1.6204e+06,1.5274e+06,5.6316e+06,8.0641e+05,8.5663e+05,1.2721e+06,1.4737e+06,1.1224e+06,1.9595e+06,3.5124e+06,7.7667e+05,2.2593e+06,2.3812e+06,1.8913e+06,1.6227e+06,1.2141e+06,1.7822e+06,7.7373e+05,1.9507e+06,1.5085e+06,1.5091e+06,1.4731e+06,2.7465e+06,1.0729e+06,2.3177e+06,1.4828e+06,1.3106e+06,1.38e+06,1.4712e+06,2.6885e+06,2.641e+06,1.7401e+06,1.3655e+06,2.0288e+06,2.4968e+06,2.6077e+06,1.2469e+06,2.5142e+06,5.2862e+06,1.8499e+06,3.9806e+05,8.4831e+05,2.4781e+06,2.4049e+06,9.5992e+05,1.0275e+06,2.0075e+06,2.8575e+06,2.1006e+06,2.7392e+06,2.8592e+06,2.1002e+06,1.6607e+06,9.9477e+05,2.1948e+06,1.9765e+06,1.7896e+06,3.2048e+06,1.1026e+06,1.0788e+06,7.1355e+05,1.4425e+06,1.8645e+06,1.8141e+06,3.9675e+06,3.7788e+05,1.9519e+06,2.1894e+06,8.1066e+05,1.0271e+06,3.49e+06,1.8962e+06,1.193e+06,2.6463e+06,8.0103e+05,2.3758e+06,2.0027e+06,1.746e+06,2.1397e+06,5.4033e+05,2.3335e+06,2.3006e+06,2.3319e+06,2.2372e+06,4.9529e+05,2.1853e+06,1.6792e+06
5.2689e+06,4.2033e+06,4.4358e+06,0,5.4862e+06,5.1023e+06,2.7753e+06,5.4082e+06,5.3427e+06,5.3774e+06,3.4879e+06,2.9581e+06,5.4349e+06,4.9802e+06,2.4617e+06,4.5705e+06,5.8128e+06,5.2242e+06,5.5434e+06,3.7439e+06,4.6026e+06,5.0019e+06,4.9554e+06,5.6436e+06,5.0064e+06,4.9193e+06,3.8605e+06,4.3016e+06,4.8051e+06,4.3811e+06,3.9538e+06,5.4242e+06,2.3134e+06,4.0241e+06,4.5247e+06,2.5991e+06,3.6965e+06,3.9486e+06,4.8954e+06,3.4402e+06,3.7407e+06,4.6118e+06,2.8752e+06,2.9117e+06,4.4761e+06,4.9541e+06,5.2733e+06,3.1741e+06,4.8575e+06,5.3042e+06,5.9406e+06,9.271e+05,4.4642e+06,6.475e+06,4.9909e+06,2.8346e+06,5.3128e+06,3.696e+06,2.6742e+06,4.2027e+06,4.8252e+06,3.8001e+06,3.7693e+06,5.011e+06,5.3573e+06,5.0565e+06,6.4464e+06,4.4855e+06,4.0391e+06,5.5685e+06,5.5106e+06,5.1973e+06,5.0379e+06,2.9438e+06,5.1405e+06,2.4071e+06,5.4138e+06,5.4288e+06,5.531e+06,5.42e+06,8.6881e+05,3.2334e+06,4.6387e+06,4.2061e+06,4.9357e+06,5.4292e+06,4.0969e+06,3.7081e+06,5.1316e+06,5.3646e+06,2.4826e+06,5.4631e+06,5.0511e+06,5.6129e+06,3.1716e+06,3.5965e+06,5.5168e+06,5.4084e+06,3.1883e+06,5.4318e+06,4.7438e+06,3.4225e+06,5.144e+06,3.9484e+06,3.2283e+06,3.295e+06,7.8867e+06,4.1822e+06,5.8147e+06,2.3131e+06,5.1071e+06,3.9691e+06,9.4821e+05,2.5479e+06,4.6683e+06,5.3794e+06,4.6994e+06,5.1128e+06,6.1221e+06,4.8363e+06,4.8871e+06,4.6517e+06,2.1405e+06,2.1962e+06,5.6598e+06,5.4234e+06,4.4431e+06,5.7881e+06,3.4474e+06
1.3568e+06,2.0481e+06,1.609e+06,5.4862e+06,0,1.318e+06,3.108e+06,9.2727e+05,1.8154e+06,2.2901e+05,2.0033e+06,2.9556e+06,1.5048e+06,1.1266e+06,3.0683e+06,1.8575e+06,4.2821e+05,5.6731e+05,3.652e+05,1.9834e+06,9.411e+05,5.9747e+05,8.9048e+05,3.1117e+05,7.0419e+05,1.1583e+06,1.9523e+06,1.19e+06,9.5986e+05,1.1174e+06,1.5899e+06,1.9367e+06,3.1762e+06,2.8979e+06,2.0786e+06,3.5093e+06,1.7939e+06,2.5051e+06,1.2101e+06,3.2222e+06,2.2393e+06,1.0292e+06,2.6662e+06,2.7313e+06,7.2405e+06,8.0367e+05,1.129e+06,2.6224e+06,6.8637e+05,5.6549e+05,4.5445e+05,4.579e+06,1.0894e+06,1.0501e+06,1.3494e+06,3.383e+06,2.4751e+05,2.8156e+06,3.0891e+06,1.3411e+06,1.0593e+06,3.1171e+06,3.1181e+06,5.1464e+05,1.5204e+06,5.4331e+05,9.7278e+05,1.0754e+06,1.4598e+06,4.835e+05,2.3696e+05,1.5499e+06,1.5973e+06,2.5428e+06,3.4628e+05,3.2132e+06,1.1912e+06,1.3142e+06,6.8308e+05,1.208e+06,6.2602e+06,3.4312e+06,1.2138e+06,1.3155e+06,1.4904e+06,1.0709e+06,2.5613e+06,1.8105e+06,8.4125e+05,1.6459e+06,3.4977e+06,1.4507e+06,1.8291e+06,5.7048e+05,3.2115e+06,2.5404e+06,7.5346e+05,5.6147e+05,3.3591e+06,2.0159e+06,7.4901e+05,2.5499e+06,1.4279e+06,3.0452e+06,3.4459e+06,3.4014e+06,2.4768e+06,1.9831e+06,3.5976e+05,3.5126e+06,8.8085e+05,1.5262e+06,4.5995e+06,3.1577e+06,8.1843e+05,1.3898e+06,8.9404e+05,1.2561e+06,6.6905e+05,8.7989e+05,1.1825e+06,1.0918e+06,3.6076e+06,3.6055e+06,8.3882e+05,8.7129e+05,1.2459e+06,5.9671e+05,2.0759e+06
2.5382e+06,9.9169e+05,6.6694e+05,5.1023e+06,1.318e+06,0,2.3861e+06,2.1682e+06,2.9998e+06,1.0911e+06,1.8541e+06,2.2044e+06,2.7265e+06,2.1888e+06,2.671e+06,6.6484e+05,1.7113e+06,1.7283e+06,1.6742e+06,1.368e+06,1.5717e+06,1.5583e+06,1.9081e+06,1.6271e+06,1.7179e+06,2.92e+05,1.2427e+06,1.309e+06,1.874e+06,1.4985e+06,1.9008e+06,3.135e+06,2.8836e+06,1.7116e+06,8.5165e+05,2.7042e+06,1.8445e+06,1.4163e+06,2.7452e+05,2.1662e+06,1.3906e+06,1.7712e+06,2.2708e+06,2.1923e+06,6.0423e+06,6.4503e+05,2.3696e+05,1.9379e+06,1.4892e+06,7.5271e+05,1.544e+06,4.1783e+06,1.0214e+06,1.6962e+06,2.4275e+06,2.5165e+06,1.4321e+06,1.7516e+06,2.4474e+06,1.1763e+06,2.0171e+06,1.9671e+06,1.9767e+06,1.4117e+06,2.7215e+06,9.0073e+05,1.7928e+06,1.6639e+06,1.6803e+06,9.307e+05,1.112e+06,2.7033e+06,2.6966e+06,2.3511e+06,1.2113e+06,2.6952e+06,2.422e+06,2.5434e+06,7.3962e+05,2.4398e+06,5.9512e+06,2.406e+06,5.7354e+05,1.2294e+06,2.5492e+06,2.3116e+06,1.401e+06,1.5817e+06,1.9658e+06,2.8434e+06,2.7517e+06,2.682e+06,2.9303e+06,1.8807e+06,2.2553e+06,1.617e+06,2.0341e+06,1.8178e+06,2.3625e+06,3.212e+06,1.1526e+06,1.7303e+06,1.2577e+05,1.8634e+06,2.4199e+06,2.3616e+06,3.4424e+06,9.7445e+05,1.5983e+06,2.8508e+06,4.5463e+05,1.4768e+06,4.1568e+06,2.5628e+06,1.289e+06,2.6024e+06,8.7394e+05,2.3834e+06,1.5084e+06,1.7932e+06,2.199e+06,6.7256e+05,2.9982e+06,2.9632e+06,2.1431e+06,2.1195e+06,8.2742e+05,1.9121e+06,2.1807e+06
3.5161e+06,1.4373e+06,1.7278e+06,2.7753e+06,3.108e+06,2.3861e+06,0,3.4274e+06,3.8207e+06,2.9345e+06,1.3417e+06,1.8437e+05,3.7342e+06,3.1126e+06,7.4926e+05,1.8058e+06,3.5134e+06,3.0757e+06,3.2995e+06,1.1307e+06,2.4589e+06,2.8128e+06,2.9454e+06,3.3543e+06,2.8927e+06,2.2539e+06,1.1954e+06,1.9929e+06,2.8021e+06,2.1958e+06,2.0055e+06,3.9512e+06,1.0269e+06,1.3632e+06,1.7495e+06,4.2591e+05,1.6457e+06,1.1841e+06,2.2198e+06,9.0916e+05,9.9568e+05,2.5763e+06,7.4847e+05,4.9399e+05,4.4856e+06,2.3995e+06,2.5844e+06,4.8665e+05,2.6533e+06,2.7569e+06,3.5339e+06,1.8819e+06,2.0205e+06,3.9431e+06,3.2509e+06,4.2896e+05,3.0162e+06,9.8239e+05,1.9021e+05,1.7804e+06,2.8956e+06,1.2235e+06,1.1922e+06,2.7536e+06,3.6775e+06,2.5867e+06,3.9697e+06,2.3974e+06,1.9362e+06,3.0295e+06,3.0489e+06,3.5547e+06,3.4366e+06,1.127e+06,2.781e+06,5.2602e+05,3.5594e+06,3.633e+06,2.9364e+06,3.573e+06,3.642e+06,8.5954e+05,2.0146e+06,1.8219e+06,3.2778e+06,3.5143e+06,1.349e+06,1.3868e+06,3.1164e+06,3.749e+06,3.8995e+05,3.7301e+06,3.5801e+06,3.4426e+06,6.0927e+05,8.2117e+05,3.4427e+06,3.2608e+06,7.5304e+05,3.9996e+06,2.3884e+06,6.5912e+05,2.4088e+06,1.3426e+06,8.6731e+05,8.9436e+05,5.5786e+06,1.4267e+06,3.4673e+06,4.6871e+05,2.4921e+06,1.6884e+06,1.8316e+06,3.2198e+05,2.3777e+06,3.6292e+06,2.219e+06,3.3185e+06,3.6422e+06,2.7864e+06,3.0447e+06,2.0772e+06,6.3478e+05,5.8435e+05,3.5979e+06,3.4148e+06,1.8858e+06,3.5832e+06,1.6591e+06
4.4565e+05,2.6931e+06,2.2743e+06,5.4082e+06,9.2727e+05,2.1682e+06,3.4274e+06,0,8.9114e+05,1.1175e+06,2.1258e+06,3.3101e+06,5.7765e+05,4.4208e+05,3.1714e+06,2.5962e+06,7.8169e+05,4.4675e+05,5.8507e+05,2.4012e+06,9.7091e+05,6.7942e+05,4.8665e+05,7.0738e+05,5.5323e+05,1.9486e+06,2.4293e+06,1.4605e+06,6.3733e+05,1.2334e+06,1.5062e+06,1.0097e+06,3.1943e+06,3.5589e+06,2.8184e+06,3.852e+06,1.8374e+06,3.1223e+06,1.9969e+06,3.7653e+06,2.743e+06,8.6021e+05,2.8216e+06,2.9727e+06,7.8075e+06,1.5536e+06,2.0125e+06,2.9725e+06,8.2085e+05,1.4469e+06,1.0923e+06,4.5594e+06,1.5482e+06,1.7062e+06,5.499e+05,3.7786e+06,7.4364e+05,3.3916e+06,3.3562e+06,1.7137e+06,5.8572e+05,3.738e+06,3.7322e+06,8.0184e+05,5.952e+05,1.2751e+06,1.5374e+06,1.0326e+06,1.5068e+06,1.4108e+06,1.1639e+06,6.4669e+05,7.329e+05,2.5793e+06,9.5923e+05,3.3831e+06,2.6394e+05,3.872e+05,1.6071e+06,2.809e+05,6.0977e+06,3.9388e+06,1.8901e+06,1.6522e+06,6.8177e+05,1.4514e+05,3.2224e+06,2.0407e+06,3.1112e+05,7.203e+05,3.7996e+06,5.2477e+05,9.4517e+05,4.3073e+05,3.6831e+06,3.0502e+06,2.0795e+05,3.6642e+05,3.8499e+06,1.0889e+06,1.1778e+06,2.9942e+06,2.2883e+06,3.6955e+06,3.9534e+06,3.9218e+06,2.5169e+06,2.6118e+06,8.9599e+05,3.7541e+06,1.7136e+06,1.7404e+06,4.6089e+06,3.386e+06,1.1178e+06,4.6337e+05,1.4733e+06,4.1673e+05,1.3689e+06,6.417e+05,5.3712e+05,1.7378e+06,3.8047e+06,3.8258e+06,2.7816e+05,57769,1.8057e+06,5.744e+05,1.9971e+06
4.6495e+05,3.3763e+06,2.9927e+06,5.3427e+06,1.8154e+06,2.9998e+06,3.8207e+06,8.9114e+05,0,1.9941e+06,2.4804e+06,3.7395e+06,3.2953e+05,8.3403e+05,3.3953e+06,3.3461e+06,1.6452e+06,1.2867e+06,1.4756e+06,2.9466e+06,1.5591e+06,1.4436e+06,1.1064e+06,1.5936e+06,1.2851e+06,2.7542e+06,3.0139e+06,2.0417e+06,1.183e+06,1.7778e+06,1.8181e+06,1.4141e+05,3.3387e+06,4.2206e+06,3.5614e+06,4.2421e+06,2.1772e+06,3.7664e+06,2.7987e+06,4.3262e+06,3.3239e+06,1.3694e+06,3.1216e+06,3.3322e+06,8.2995e+06,2.3618e+06,2.8665e+06,3.4207e+06,1.5351e+06,2.3115e+06,1.9596e+06,4.5844e+06,2.2202e+06,2.5361e+06,6.1624e+05,4.2172e+06,1.6145e+06,3.9934e+06,3.7097e+06,2.3106e+06,1.0442e+06,4.3624e+06,4.3514e+06,1.5889e+06,2.96e+05,2.0996e+06,2.3477e+06,1.5456e+06,1.9242e+06,2.2981e+06,2.0509e+06,3.0428e+05,3.8535e+05,2.8006e+06,1.7962e+06,3.6506e+06,6.3077e+05,5.1282e+05,2.49e+06,6.1532e+05,5.9277e+06,4.4641e+06,2.6394e+06,2.237e+06,5.496e+05,7.5229e+05,3.8951e+06,2.4915e+06,1.0344e+06,1.7201e+05,4.1571e+06,3.9198e+05,2.9159e+05,1.3057e+06,4.1892e+06,3.6173e+06,1.0856e+06,1.2542e+06,4.3647e+06,2.1348e+05,1.9049e+06,3.5147e+06,3.1236e+06,4.3445e+06,4.478e+06,4.4583e+06,2.9265e+06,3.288e+06,1.7693e+06,4.0616e+06,2.5493e+06,2.2284e+06,4.6594e+06,3.7042e+06,1.8008e+06,4.2858e+05,2.2156e+06,6.2185e+05,2.2291e+06,1.2477e+06,8.5684e+05,2.4835e+06,4.0698e+06,4.1105e+06,1.0698e+06,9.4847e+05,2.4996e+06,1.4113e+06,2.2e+06
1.5306e+06,1.8299e+06,1.3914e+06,5.3774e+06,2.2901e+05,1.0911e+06,2.9345e+06,1.1175e+06,1.9941e+06,0,1.8897e+06,2.777e+06,1.6933e+06,1.257e+06,2.9389e+06,1.6306e+06,6.4856e+05,7.1376e+05,5.8433e+05,1.8048e+06,9.2749e+05,6.5922e+05,9.9684e+05,5.4018e+05,7.9758e+05,9.301e+05,1.7626e+06,1.0782e+06,1.0351e+06,1.0556e+06,1.5439e+06,2.1204e+06,3.064e+06,2.6748e+06,1.8511e+06,3.3287e+06,1.7066e+06,2.288e+06,9.8193e+05,3.0116e+06,2.041e+06,1.0557e+06,2.531e+06,2.5771e+06,7.0206e+06,5.8513e+05,9.0828e+05,2.4479e+06,6.9796e+05,3.4044e+05,5.9937e+05,4.4626e+06,9.3244e+05,1.1061e+06,1.4901e+06,3.194e+06,3.7999e+05,2.6023e+06,2.9257e+06,1.1923e+06,1.1536e+06,2.8974e+06,2.8992e+06,5.3576e+05,1.7022e+06,3.4802e+05,1.0706e+06,1.0624e+06,1.3883e+06,3.3104e+05,1.3695e+05,1.7169e+06,1.7485e+06,2.4362e+06,2.9587e+05,3.068e+06,1.3803e+06,1.5038e+06,4.9878e+05,1.3976e+06,6.1669e+06,3.2246e+06,9.9967e+05,1.1774e+06,1.6279e+06,1.2626e+06,2.3391e+06,1.6775e+06,9.8444e+05,1.8275e+06,3.3244e+06,1.642e+06,1.9835e+06,7.9106e+05,3.0112e+06,2.3384e+06,9.5907e+05,7.5283e+05,3.1553e+06,2.1994e+06,6.4034e+05,2.3588e+06,1.2027e+06,2.8228e+06,3.2394e+06,3.1932e+06,2.6442e+06,1.7675e+06,5.6097e+05,3.3505e+06,6.5185e+05,1.4084e+06,4.4768e+06,3.0013e+06,7.4248e+05,1.5743e+06,7.1643e+05,1.4106e+06,7.4468e+05,9.4971e+05,1.2999e+06,8.8674e+05,3.4535e+06,3.4468e+06,1.0566e+06,1.0638e+06,1.0552e+06,8.2571e+05,2.0082e+06
2.1786e+06,1.3908e+06,1.2931e+06,3.4879e+06,2.0033e+06,1.8541e+06,1.3417e+06,2.1258e+06,2.4804e+06,1.8897e+06,0,1.2613e+06,2.3951e+06,1.7814e+06,1.0754e+06,1.6222e+06,2.3553e+06,1.8239e+06,2.1029e+06,7.0789e+05,1.1844e+06,1.5733e+06,1.6391e+06,2.1869e+06,1.6203e+06,1.5951e+06,8.5444e+05,8.1437e+05,1.4897e+06,9.3187e+05,6.6371e+05,2.6122e+06,1.1748e+06,2.0121e+06,1.7388e+06,1.7656e+06,3.0395e+05,1.5764e+06,1.5912e+06,1.9283e+06,1.065e+06,1.2656e+06,6.98e+05,8.6014e+05,5.8204e+06,1.5109e+06,1.9502e+06,9.5539e+05,1.417e+06,1.8419e+06,2.4569e+06,2.5762e+06,9.9308e+05,2.9906e+06,1.9103e+06,1.7383e+06,1.8474e+06,1.6814e+06,1.2437e+06,7.4081e+05,1.5696e+06,2.0608e+06,2.0409e+06,1.5526e+06,2.337e+06,1.5747e+06,2.9585e+06,1.0972e+06,6.195e+05,2.0962e+06,2.0234e+06,2.213e+06,2.0957e+06,5.4885e+05,1.657e+06,1.2611e+06,2.2342e+06,2.301e+06,2.0871e+06,2.2468e+06,4.2817e+06,2.0245e+06,1.2924e+06,7.2869e+05,1.9362e+06,2.1991e+06,1.7597e+06,2.7255e+05,1.8164e+06,2.4073e+06,1.6921e+06,2.3931e+06,2.2458e+06,2.2103e+06,1.7414e+06,1.2826e+06,2.1704e+06,2.0135e+06,1.9192e+06,2.6626e+06,1.2569e+06,1.1163e+06,1.9429e+06,2.0943e+06,2.0374e+06,2.0287e+06,4.4516e+06,1.3076e+06,2.3422e+06,1.6299e+06,1.7018e+06,4.8133e+05,2.5966e+06,1.262e+06,1.191e+06,2.2925e+06,1.2312e+06,1.9821e+06,2.6343e+06,1.4872e+06,1.7092e+06,1.2483e+06,1.6803e+06,1.7e+06,2.325e+06,2.1205e+06,1.0492e+06,2.3712e+06,4.3884e+05
3.4188e+06,1.2529e+06,1.5482e+06,2.9581e+06,2.9556e+06,2.2044e+06,1.8437e+05,3.3101e+06,3.7395e+06,2.777e+06,1.2613e+06,0,3.6385e+06,3.0106e+06,8.4107e+05,1.6214e+06,3.3655e+06,2.9463e+06,3.1585e+06,9.7272e+05,2.3393e+06,2.6826e+06,2.8318e+06,3.2086e+06,2.7693e+06,2.0771e+06,1.0261e+06,1.8626e+06,2.6915e+06,2.0767e+06,1.9214e+06,3.8724e+06,1.1265e+06,1.2187e+06,1.5666e+06,5.5446e+05,1.5629e+06,1.0089e+06,2.0421e+06,8.2107e+05,8.1389e+05,2.4666e+06,7.4482e+05,4.6717e+05,4.5601e+06,2.234e+06,2.4046e+06,3.3955e+05,2.5237e+06,2.59e+06,3.3762e+06,2.0613e+06,1.8721e+06,3.7732e+06,3.1589e+06,4.7787e+05,2.8726e+06,8.2989e+05,3.1776e+05,1.6392e+06,2.791e+06,1.1048e+06,1.0747e+06,2.617e+06,3.5844e+06,2.429e+06,3.8042e+06,2.2854e+06,1.8346e+06,2.8621e+06,2.8888e+06,3.4668e+06,3.3543e+06,1.124e+06,2.6333e+06,6.6092e+05,3.4521e+06,3.5301e+06,2.7642e+06,3.4662e+06,3.8243e+06,8.2187e+05,1.8436e+06,1.6852e+06,3.193e+06,3.402e+06,1.1794e+06,1.2738e+06,2.9998e+06,3.6606e+06,5.5596e+05,3.6316e+06,3.5071e+06,3.3073e+06,5.4537e+05,6.3886e+05,3.3164e+06,3.1294e+06,7.1201e+05,3.9235e+06,2.2456e+06,4.755e+05,2.2256e+06,1.2127e+06,8.3214e+05,8.4522e+05,5.4208e+06,1.2428e+06,3.3153e+06,6.5305e+05,2.3196e+06,1.5702e+06,2.0134e+06,4.6182e+05,2.2426e+06,3.5304e+06,2.0635e+06,3.2202e+06,3.4776e+06,2.6712e+06,2.9462e+06,1.9117e+06,8.1779e+05,7.6871e+05,3.4712e+06,3.2949e+06,1.7243e+06,3.4435e+06,1.6126e+06
2.2196e+05,3.1716e+06,2.7712e+06,5.4349e+06,1.5048e+06,2.7265e+06,3.7342e+06,5.7765e+05,3.2953e+05,1.6933e+06,2.3951e+06,3.6385e+06,0,6.3857e+05,3.3698e+06,3.1125e+06,1.3169e+06,9.9931e+05,1.1568e+06,2.7945e+06,1.3669e+06,1.1867e+06,8.7886e+05,1.2707e+06,1.0338e+06,2.493e+06,2.847e+06,1.8644e+06,9.8531e+05,1.608e+06,1.734e+06,4.345e+05,3.3422e+06,4.0283e+06,3.3316e+06,4.1594e+06,2.0919e+06,3.5798e+06,2.5395e+06,4.1762e+06,3.1607e+06,1.1962e+06,3.0649e+06,3.255e+06,8.1879e+06,2.0978e+06,2.5808e+06,3.3103e+06,1.2981e+06,2.0188e+06,1.6312e+06,4.6405e+06,2.0112e+06,2.2071e+06,4.8745e+05,4.1155e+06,1.3164e+06,3.8253e+06,3.6377e+06,2.1317e+06,8.6186e+05,4.1863e+06,4.1774e+06,1.3266e+06,79876,1.8268e+06,2.0199e+06,1.3792e+06,1.8044e+06,1.9883e+06,1.7415e+06,2.4165e+05,4.0344e+05,2.7696e+06,1.5157e+06,3.6108e+06,3.1371e+05,1.9069e+05,2.1846e+06,2.9682e+05,6.0589e+06,4.3291e+06,2.4028e+06,2.0615e+06,5.0335e+05,4.3412e+05,3.697e+06,2.3704e+06,7.7049e+05,1.6128e+05,4.0865e+06,63086,4.9642e+05,9.8053e+05,4.0606e+06,3.4614e+06,7.6321e+05,9.4403e+05,4.2335e+06,5.135e+05,1.6704e+06,3.3767e+06,2.8487e+06,4.158e+06,4.3433e+06,4.3187e+06,2.6848e+06,3.0858e+06,1.4421e+06,4.0095e+06,2.2728e+06,2.0891e+06,4.7066e+06,3.6456e+06,1.5811e+06,1.2557e+05,1.9787e+06,4.2067e+05,1.9e+06,1.0349e+06,6.9333e+05,2.2474e+06,4.0338e+06,4.0673e+06,7.4051e+05,6.3353e+05,2.2848e+06,1.082e+06,2.166e+06
4.1676e+05,2.5476e+06,2.1592e+06,4.9802e+06,1.1266e+06,2.1888e+06,3.1126e+06,4.4208e+05,8.3403e+05,1.257e+06,1.7814e+06,3.0106e+06,6.3857e+05,0,2.7939e+06,2.5122e+06,1.1289e+06,5.5962e+05,8.7029e+05,2.156e+06,7.33e+05,6.3507e+05,2.8068e+05,1.0081e+06,4.7643e+05,1.9326e+06,2.2093e+06,1.2273e+06,3.5189e+05,9.6954e+05,1.1315e+06,9.7481e+05,2.7957e+06,3.3985e+06,2.7274e+06,3.5385e+06,1.4818e+06,2.9475e+06,1.9753e+06,3.5376e+06,2.5226e+06,5.576e+05,2.4655e+06,2.6404e+06,7.5528e+06,1.5451e+06,2.0743e+06,2.6794e+06,7.0611e+05,1.5419e+06,1.4153e+06,4.143e+06,1.3886e+06,2.0553e+06,2.3969e+05,3.4862e+06,8.8898e+05,3.1882e+06,3.0245e+06,1.4954e+06,2.2334e+05,3.5511e+06,3.5417e+06,7.8251e+05,5.9825e+05,1.2966e+06,1.9066e+06,7.4072e+05,1.1769e+06,1.5834e+06,1.3439e+06,5.2979e+05,5.0823e+05,2.1953e+06,1.0133e+06,3.0207e+06,4.5718e+05,5.2044e+05,1.7528e+06,4.6838e+05,5.6602e+06,3.6913e+06,1.8063e+06,1.4244e+06,3.7182e+05,4.4989e+05,3.0697e+06,1.7385e+06,2.893e+05,7.0122e+05,3.4724e+06,6.2372e+05,7.4332e+05,7.9397e+05,3.424e+06,2.8229e+06,6.0686e+05,6.3269e+05,3.5963e+06,1.0469e+06,1.0725e+06,2.739e+06,2.3139e+06,3.526e+06,3.7056e+06,3.6805e+06,2.9585e+06,2.4602e+06,1.2186e+06,3.4078e+06,1.7457e+06,1.4529e+06,4.1973e+06,3.0411e+06,9.6685e+05,5.2284e+05,1.3831e+06,2.2062e+05,1.6923e+06,4.1363e+05,95171,1.6505e+06,3.4442e+06,3.4719e+06,7.1672e+05,4.7286e+05,1.6669e+06,9.6697e+05,1.5999e+06
3.1644e+06,1.8668e+06,2.0133e+06,2.4617e+06,3.0683e+06,2.671e+06,7.4926e+05,3.1714e+06,3.3953e+06,2.9389e+06,1.0754e+06,8.4107e+05,3.3698e+06,2.7939e+06,0,2.2136e+06,3.4295e+06,2.8947e+06,3.1783e+06,1.303e+06,2.2547e+06,2.6472e+06,2.6873e+06,3.2614e+06,2.687e+06,2.4682e+06,1.4351e+06,1.8794e+06,2.535e+06,2.0062e+06,1.667e+06,3.5143e+06,2.8621e+05,2.0457e+06,2.226e+06,1.0309e+06,1.3392e+06,1.7653e+06,2.4478e+06,1.6524e+06,1.3934e+06,2.3165e+06,4.136e+05,5.1404e+05,5.0222e+06,2.4933e+06,2.8262e+06,8.4918e+05,2.4918e+06,2.8453e+06,3.5195e+06,1.536e+06,2.0129e+06,4.0244e+06,2.8838e+06,1.1464e+06,2.9212e+06,1.6526e+06,5.5922e+05,1.7507e+06,2.5964e+06,1.9458e+06,1.9157e+06,2.6277e+06,3.3032e+06,2.6079e+06,4.009e+06,2.1586e+06,1.6824e+06,3.1119e+06,3.0687e+06,3.162e+06,3.0242e+06,6.0034e+05,2.7228e+06,2.8758e+05,3.251e+06,3.3026e+06,3.0694e+06,3.2619e+06,3.2913e+06,1.6065e+06,2.1814e+06,1.7615e+06,2.8798e+06,3.2308e+06,1.954e+06,1.2614e+06,2.867e+06,3.3536e+06,8.8659e+05,3.378e+06,3.1286e+06,3.2829e+06,1.3574e+06,1.3697e+06,3.2326e+06,3.0843e+06,1.5013e+06,3.5512e+06,2.3193e+06,1.1509e+06,2.7267e+06,2.0507e+06,1.6136e+06,1.6431e+06,5.5262e+06,1.8221e+06,3.4127e+06,7.1254e+05,2.6463e+06,1.543e+06,1.5401e+06,4.4762e+05,2.2632e+06,3.2803e+06,2.245e+06,2.9763e+06,3.6813e+06,2.5428e+06,2.712e+06,2.1901e+06,6.7929e+05,7.319e+05,3.3859e+06,3.1716e+06,1.9814e+06,3.4457e+06,1.2038e+06
2.9044e+06,3.6853e+05,3.7827e+05,4.5705e+06,1.8575e+06,6.6484e+05,1.8058e+06,2.5962e+06,3.3461e+06,1.6306e+06,1.6222e+06,1.6214e+06,3.1125e+06,2.5122e+06,2.2136e+06,0,2.2777e+06,2.1506e+06,2.1845e+06,9.6888e+05,1.8038e+06,1.9289e+06,2.2421e+06,2.1667e+06,2.0788e+06,7.033e+05,8.1466e+05,1.3859e+06,2.1664e+06,1.6381e+06,1.9032e+06,3.4865e+06,2.4603e+06,1.0613e+06,2.2339e+05,2.0844e+06,1.7234e+06,7.5393e+05,6.5167e+05,1.5022e+06,8.3378e+05,2.0056e+06,1.8475e+06,1.7056e+06,5.4095e+06,1.0657e+06,8.9941e+05,1.4037e+06,1.8157e+06,1.3212e+06,2.1559e+06,3.6588e+06,1.1439e+06,2.3593e+06,2.7388e+06,1.8833e+06,1.9092e+06,1.0889e+06,1.8963e+06,1.1517e+06,2.3088e+06,1.308e+06,1.316e+06,1.7959e+06,3.092e+06,1.3478e+06,2.4486e+06,1.8534e+06,1.6874e+06,1.5484e+06,1.6869e+06,3.0419e+06,3.0016e+06,2.0222e+06,1.6578e+06,2.1828e+06,2.829e+06,2.9432e+06,1.3785e+06,2.8465e+06,5.4323e+06,1.7434e+06,7.0973e+05,1.2265e+06,2.8404e+06,2.7315e+06,7.3987e+05,1.3673e+06,2.3436e+06,3.206e+06,2.1493e+06,3.0773e+06,3.2231e+06,2.3841e+06,1.6049e+06,9.9803e+05,2.4996e+06,2.2794e+06,1.7036e+06,3.559e+06,1.4434e+06,1.1495e+06,6.4113e+05,1.2126e+06,1.7572e+06,1.6981e+06,4.1018e+06,3.9316e+05,2.179e+06,2.2745e+06,9.9161e+05,1.398e+06,3.6226e+06,2.0251e+06,1.5461e+06,2.987e+06,1.1339e+06,2.726e+06,2.1532e+06,2.0986e+06,2.498e+06,8.6512e+05,2.4359e+06,2.3901e+06,2.629e+06,2.5554e+06,8.6395e+05,2.4499e+06,2.0278e+06
1.2241e+06,2.4759e+06,2.0369e+06,5.8128e+06,4.2821e+05,1.7113e+06,3.5134e+06,7.8169e+05,1.6452e+06,6.4856e+05,2.3553e+06,3.3655e+06,1.3169e+06,1.1289e+06,3.4295e+06,2.2777e+06,0,6.3653e+05,2.8419e+05,2.3958e+06,1.2124e+06,8.1589e+05,9.7516e+05,1.6936e+05,8.4708e+05,1.5754e+06,2.372e+06,1.5555e+06,1.0949e+06,1.4343e+06,1.8687e+06,1.7476e+06,3.5165e+06,3.3233e+06,2.4973e+06,3.9199e+06,2.1193e+06,2.9332e+06,1.6273e+06,3.6499e+06,2.663e+06,1.237e+06,3.036e+06,3.1202e+06,7.6679e+06,1.2309e+06,1.5047e+06,3.0297e+06,9.5552e+05,9.6512e+05,3.1443e+05,4.9183e+06,1.4936e+06,9.3052e+05,1.3073e+06,3.8e+06,5.086e+05,3.2437e+06,3.4854e+06,1.7355e+06,1.1467e+06,3.5445e+06,3.5458e+06,8.0452e+05,1.3534e+06,9.7063e+05,7.7817e+05,1.3354e+06,1.7745e+06,8.028e+05,5.9971e+05,1.4256e+06,1.5135e+06,2.8809e+06,7.3242e+05,3.591e+06,1.0209e+06,1.1333e+06,1.0134e+06,1.0347e+06,6.5636e+06,3.8577e+06,1.6419e+06,1.7016e+06,1.4468e+06,9.0264e+05,2.9874e+06,2.185e+06,8.5078e+05,1.4736e+06,3.9021e+06,1.256e+06,1.7263e+06,3.5139e+05,3.6354e+06,2.9655e+06,5.7394e+05,4.9924e+05,3.7847e+06,1.8253e+06,1.1292e+06,2.9693e+06,1.8134e+06,3.4712e+06,3.8725e+06,3.8285e+06,2.0968e+06,2.4113e+06,1.3313e+05,3.9066e+06,1.2915e+06,1.8899e+06,4.9467e+06,3.5472e+06,1.1672e+06,1.2212e+06,1.3127e+06,1.1854e+06,5.8784e+05,1.0348e+06,1.209e+06,1.5192e+06,3.9936e+06,3.996e+06,5.7887e+05,7.2566e+05,1.6681e+06,2.4458e+05,2.3715e+06
8.2173e+05,2.2571e+06,1.8335e+06,5.2242e+06,5.6731e+05,1.7283e+06,3.0757e+06,4.4675e+05,1.2867e+06,7.1376e+05,1.8239e+06,2.9463e+06,9.9931e+05,5.5962e+05,2.8947e+06,2.1506e+06,6.3653e+05,0,3.5316e+05,2.0092e+06,6.4001e+05,2.6395e+05,3.4606e+05,4.8569e+05,2.1873e+05,1.5029e+06,2.023e+06,1.0838e+06,4.5838e+05,8.9457e+05,1.2707e+06,1.4168e+06,2.9526e+06,3.1239e+06,2.373e+06,3.496e+06,1.5587e+06,2.6928e+06,1.5509e+06,3.3538e+06,2.3338e+06,6.1559e+05,2.5202e+06,2.6423e+06,7.3999e+06,1.1075e+06,1.5825e+06,2.6068e+06,4.2266e+05,1.0248e+06,8.8559e+05,4.3451e+06,1.1283e+06,1.5302e+06,7.8333e+05,3.406e+06,3.3567e+05,2.9712e+06,3.0211e+06,1.3187e+06,5.2011e+05,3.3102e+06,3.3057e+06,3.617e+05,9.9927e+05,8.3084e+05,1.4019e+06,7.4292e+05,1.2129e+06,1.0324e+06,7.8907e+05,1.004e+06,1.0365e+06,2.3213e+06,5.1702e+05,3.0829e+06,6.9395e+05,8.1512e+05,1.2125e+06,7.1172e+05,5.9557e+06,3.5365e+06,1.446e+06,1.2647e+06,9.2373e+05,5.8638e+05,2.7862e+06,1.6977e+06,2.7454e+05,1.1235e+06,3.4564e+06,9.5374e+05,1.2707e+06,3.906e+05,3.2887e+06,2.6422e+06,3.7537e+05,1.8969e+05,3.4515e+06,1.4952e+06,7.4782e+05,2.602e+06,1.8499e+06,3.2625e+06,3.5512e+06,3.5163e+06,2.6626e+06,2.1777e+06,6.9705e+05,3.4312e+06,1.2741e+06,1.3937e+06,4.3824e+06,3.0646e+06,7.1048e+05,8.7619e+05,1.0332e+06,6.9724e+05,1.1559e+06,4.0128e+05,6.1954e+05,1.2949e+06,3.4981e+06,3.511e+06,5.2727e+05,4.0493e+05,1.3741e+06,5.6393e+05,1.7772e+06
1.0277e+06,2.3456e+06,1.9086e+06,5.5434e+06,3.652e+05,1.6742e+06,3.2995e+06,5.8507e+05,1.4756e+06,5.8433e+05,2.1029e+06,3.1585e+06,1.1568e+06,8.7029e+05,3.1783e+06,2.1845e+06,2.8419e+05,3.5316e+05,0,2.1972e+06,9.4091e+05,5.415e+05,6.9529e+05,1.3804e+05,5.6302e+05,1.4955e+06,2.1879e+06,1.3183e+06,8.1129e+05,1.174e+06,1.5933e+06,1.5911e+06,3.2548e+06,3.2065e+06,2.4074e+06,3.7125e+06,1.8562e+06,2.797e+06,1.5467e+06,3.4938e+06,2.4888e+06,9.545e+05,2.7911e+06,2.8897e+06,7.5313e+06,1.119e+06,1.4917e+06,2.8202e+06,6.8933e+05,9.2476e+05,5.4533e+05,4.6542e+06,1.2928e+06,1.1879e+06,1.0674e+06,3.6042e+06,2.9196e+05,3.0957e+06,3.2611e+06,1.5197e+06,8.6825e+05,3.4138e+06,3.4127e+06,5.5321e+05,1.1796e+06,8.3916e+05,1.0512e+06,1.0597e+06,1.5098e+06,8.4098e+05,5.9867e+05,1.2267e+06,1.2944e+06,2.6199e+06,5.4827e+05,3.35e+06,8.4547e+05,9.6658e+05,1.0455e+06,8.6151e+05,6.2874e+06,3.6919e+06,1.5106e+06,1.4782e+06,1.2091e+06,7.2391e+05,2.8681e+06,1.9475e+06,5.842e+05,1.3042e+06,3.686e+06,1.1002e+06,1.5184e+06,2.0674e+05,3.4584e+06,2.7953e+06,3.9544e+05,2.4093e+05,3.6136e+06,1.6702e+06,9.1319e+05,2.7814e+06,1.7869e+06,3.3511e+06,3.7067e+06,3.6663e+06,2.3522e+06,2.2743e+06,3.5015e+05,3.6788e+06,1.2287e+06,1.6474e+06,4.686e+06,3.3159e+06,9.2779e+05,1.0471e+06,1.1399e+06,9.5614e+05,8.2198e+05,7.5062e+05,9.4436e+05,1.3736e+06,3.7581e+06,3.7646e+06,4.7376e+05,5.2745e+05,1.4977e+06,2.8641e+05,2.0981e+06
2.5726e+06,6.9127e+05,7.1352e+05,3.7439e+06,1.9834e+06,1.368e+06,1.1307e+06,2.4012e+06,2.9466e+06,1.8048e+06,7.0789e+05,9.7272e+05,2.7945e+06,2.156e+06,1.303e+06,9.6888e+05,2.3958e+06,2.0092e+06,2.1972e+06,0,1.4401e+06,1.7459e+06,1.9414e+06,2.2411e+06,1.8496e+06,1.1761e+06,1.5587e+05,9.4182e+05,1.8146e+06,1.1878e+06,1.2012e+06,3.086e+06,1.5231e+06,1.3397e+06,1.0512e+06,1.5259e+06,9.0571e+05,8.8846e+05,1.1515e+06,1.3822e+06,3.8885e+05,1.5985e+06,9.0687e+05,8.3378e+05,5.4085e+06,1.2725e+06,1.5295e+06,6.4429e+05,1.5905e+06,1.6312e+06,2.4041e+06,2.8175e+06,9.0499e+05,2.8212e+06,2.3377e+06,1.4071e+06,1.9084e+06,1.0548e+06,1.1382e+06,6.9063e+05,1.9327e+06,1.4325e+06,1.4179e+06,1.6659e+06,2.7507e+06,1.4568e+06,2.841e+06,1.4153e+06,1.0376e+06,1.9041e+06,1.9182e+06,2.6541e+06,2.566e+06,1.0534e+06,1.6646e+06,1.3417e+06,2.5721e+06,2.6634e+06,1.824e+06,2.5876e+06,4.5868e+06,1.5398e+06,9.0584e+05,7.4908e+05,2.3991e+06,2.5071e+06,1.0628e+06,5.1403e+05,2.0969e+06,2.8425e+06,1.5203e+06,2.7779e+06,2.7521e+06,2.3551e+06,1.2821e+06,6.7074e+05,2.3838e+06,2.1863e+06,1.449e+06,3.1469e+06,1.2851e+06,5.9349e+05,1.4253e+06,1.4397e+06,1.5542e+06,1.5261e+06,4.449e+06,6.1414e+05,2.3432e+06,1.5615e+06,1.3839e+06,7.2083e+05,2.8031e+06,1.233e+06,1.2988e+06,2.6777e+06,1.0908e+06,2.3747e+06,2.5129e+06,1.7789e+06,2.1065e+06,9.5105e+05,1.6837e+06,1.6647e+06,2.5364e+06,2.3793e+06,7.556e+05,2.4833e+06,1.1442e+06
1.1468e+06,1.8172e+06,1.4403e+06,4.6026e+06,9.411e+05,1.5717e+06,2.4589e+06,9.7091e+05,1.5591e+06,9.2749e+05,1.1844e+06,2.3393e+06,1.3669e+06,7.33e+05,2.2547e+06,1.8038e+06,1.2124e+06,6.4001e+05,9.4091e+05,1.4401e+06,0,3.9959e+05,5.0137e+05,1.0438e+06,4.3765e+05,1.2909e+06,1.4826e+06,5.0004e+05,3.8187e+05,2.6317e+05,6.582e+05,1.7005e+06,2.3174e+06,2.6656e+06,2.0135e+06,2.8828e+06,9.2036e+05,2.2146e+06,1.3262e+06,2.8166e+06,1.797e+06,2.0401e+05,1.8816e+06,2.0125e+06,6.8481e+06,9.409e+05,1.5104e+06,2.0016e+06,2.6008e+05,1.0789e+06,1.3796e+06,3.7145e+06,6.6395e+05,1.9909e+06,9.4393e+05,2.8078e+06,7.2692e+05,2.4591e+06,2.3941e+06,7.653e+05,5.1524e+05,2.8195e+06,2.8106e+06,4.2803e+05,1.3308e+06,7.7157e+05,1.9079e+06,1.3556e+05,5.7374e+05,1.236e+06,1.0589e+06,1.2561e+06,1.201e+06,1.6841e+06,6.3321e+05,2.4446e+06,1.1322e+06,1.2258e+06,1.3368e+06,1.1478e+06,5.3517e+06,2.9798e+06,1.1124e+06,6.9671e+05,1.0378e+06,1.0688e+06,2.3375e+06,1.0729e+06,6.6148e+05,1.4336e+06,2.8343e+06,1.3451e+06,1.4195e+06,1.0287e+06,2.719e+06,2.1005e+06,9.8985e+05,8.2968e+05,2.8882e+06,1.7695e+06,4.2256e+05,2.0305e+06,1.6967e+06,2.793e+06,2.9943e+06,2.9658e+06,3.2906e+06,1.7291e+06,1.2276e+06,2.7993e+06,1.1708e+06,7.7059e+05,3.7484e+06,2.4317e+06,2.8271e+05,1.2463e+06,7.0686e+05,9.535e+05,1.6102e+06,3.3887e+05,7.0251e+05,9.6013e+05,2.8614e+06,2.8764e+06,1.1452e+06,9.5603e+05,9.451e+05,1.1951e+06,1.1591e+06
9.862e+05,2.014e+06,1.598e+06,5.0019e+06,5.9747e+05,1.5583e+06,2.8128e+06,6.7942e+05,1.4436e+06,6.5922e+05,1.5733e+06,2.6826e+06,1.1867e+06,6.3507e+05,2.6472e+06,1.9289e+06,8.1589e+05,2.6395e+05,5.415e+05,1.7459e+06,3.9959e+05,0,3.5664e+05,6.4854e+05,1.597e+05,1.3111e+06,1.7622e+06,8.2032e+05,3.7586e+05,6.4141e+05,1.053e+06,1.5805e+06,2.7159e+06,2.8796e+06,2.1496e+06,3.2327e+06,1.3178e+06,2.4434e+06,1.3562e+06,3.0952e+06,2.0741e+06,4.3685e+05,2.2672e+06,2.3827e+06,7.1407e+06,9.182e+05,1.4393e+06,2.3431e+06,1.5976e+05,9.1339e+05,1.0064e+06,4.1139e+06,8.7161e+05,1.6369e+06,8.7475e+05,3.142e+06,3.5684e+05,2.7161e+06,2.7603e+06,1.0553e+06,4.9826e+05,3.0596e+06,3.0542e+06,1.4751e+05,1.1724e+06,6.6199e+05,1.5359e+06,5.1952e+05,9.7097e+05,9.8999e+05,7.7e+05,1.1452e+06,1.1428e+06,2.0819e+06,3.86e+05,2.829e+06,9.0038e+05,1.0144e+06,1.1391e+06,9.1788e+05,5.7479e+06,3.2755e+06,1.2196e+06,1.0007e+06,1.0037e+06,8.0704e+05,2.5432e+06,1.4376e+06,4.1617e+05,1.2914e+06,3.1943e+06,1.1492e+06,1.3783e+06,6.3817e+05,3.0262e+06,2.3822e+06,6.3791e+05,4.4822e+05,3.1896e+06,1.6565e+06,4.9842e+05,2.339e+06,1.6829e+06,3.0161e+06,3.2901e+06,3.256e+06,2.8913e+06,1.9324e+06,8.4106e+05,3.1722e+06,1.1118e+06,1.1338e+06,4.1471e+06,2.8062e+06,4.4784e+05,1.0611e+06,7.9811e+05,8.2514e+05,1.2548e+06,2.9086e+05,6.5955e+05,1.0653e+06,3.2422e+06,3.2533e+06,7.9089e+05,6.4715e+05,1.1263e+06,7.9857e+05,1.5569e+06
6.6432e+05,2.2927e+06,1.8947e+06,4.9554e+06,8.9048e+05,1.9081e+06,2.9454e+06,4.8665e+05,1.1064e+06,9.9684e+05,1.6391e+06,2.8318e+06,8.7886e+05,2.8068e+05,2.6873e+06,2.2421e+06,9.7516e+05,3.4606e+05,6.9529e+05,1.9414e+06,5.0137e+05,3.5664e+05,0,8.3033e+05,2.0127e+05,1.6528e+06,1.982e+06,1.0008e+06,1.5301e+05,7.5853e+05,1.0256e+06,1.246e+06,2.7176e+06,3.1503e+06,2.4592e+06,3.3706e+06,1.3514e+06,2.7035e+06,1.696e+06,3.3172e+06,2.2965e+06,3.7356e+05,2.3351e+06,2.4873e+06,7.3493e+06,1.2645e+06,1.795e+06,2.4957e+06,4.2873e+05,1.2684e+06,1.2316e+06,4.0933e+06,1.1324e+06,1.8763e+06,5.199e+05,3.303e+06,6.4463e+05,2.956e+06,2.8711e+06,1.2637e+06,1.7407e+05,3.3128e+06,3.3048e+06,5.0353e+05,8.5173e+05,1.0167e+06,1.7463e+06,5.481e+05,1.0202e+06,1.3268e+06,1.094e+06,8.0361e+05,7.8879e+05,2.0977e+06,7.3963e+05,2.8968e+06,6.3093e+05,7.2751e+05,1.4873e+06,6.4667e+05,5.6663e+06,3.4812e+06,1.534e+06,1.1969e+06,6.471e+05,5.7032e+05,2.8183e+06,1.5595e+06,1.8009e+05,9.6393e+05,3.3154e+06,8.5155e+05,1.0234e+06,6.8334e+05,3.2199e+06,2.6009e+06,5.615e+05,4.8611e+05,3.3894e+06,1.3199e+06,7.9911e+05,2.5315e+06,2.0333e+06,3.2811e+06,3.4956e+06,3.4671e+06,2.9397e+06,2.207e+06,1.0424e+06,3.2677e+06,1.4654e+06,1.2619e+06,4.1386e+06,2.8996e+06,7.0271e+05,7.5526e+05,1.1097e+06,4.8471e+05,1.5014e+06,1.6256e+05,3.0469e+05,1.3781e+06,3.3181e+06,3.3391e+06,7.0761e+05,4.8432e+05,1.4064e+06,8.6505e+05,1.5235e+06
1.1526e+06,2.3481e+06,1.9092e+06,5.6436e+06,3.1117e+05,1.6271e+06,3.3543e+06,7.0738e+05,1.5936e+06,5.4018e+05,2.1869e+06,3.2086e+06,1.2707e+06,1.0081e+06,3.2614e+06,2.1667e+06,1.6936e+05,4.8569e+05,1.3804e+05,2.2411e+06,1.0438e+06,6.4854e+05,8.3033e+05,0,6.8882e+05,1.4689e+06,2.2223e+06,1.3892e+06,9.4165e+05,1.265e+06,1.7007e+06,1.7051e+06,3.3472e+06,3.2025e+06,2.3882e+06,3.7631e+06,1.95e+06,2.8034e+06,1.5206e+06,3.5122e+06,2.5173e+06,1.0739e+06,2.8689e+06,2.9564e+06,7.5399e+06,1.1076e+06,1.4327e+06,2.8718e+06,7.8641e+05,8.7446e+05,4.073e+05,4.749e+06,1.3368e+06,1.0501e+06,1.203e+06,3.6471e+06,3.4192e+05,3.1091e+06,3.3233e+06,1.5747e+06,1.0038e+06,3.4176e+06,3.4178e+06,6.3538e+05,1.2981e+06,8.3682e+05,9.1621e+05,1.1677e+06,1.6051e+06,7.5482e+05,5.2411e+05,1.3529e+06,1.426e+06,2.7117e+06,5.7671e+05,3.4247e+06,9.6286e+05,1.0817e+06,9.6416e+05,9.7823e+05,6.3954e+06,3.7161e+06,1.5119e+06,1.5387e+06,1.3446e+06,8.4151e+05,2.8652e+06,2.0191e+06,7.2224e+05,1.4217e+06,3.7425e+06,1.2123e+06,1.6476e+06,2.9304e+05,3.4893e+06,2.8216e+06,5.0802e+05,3.7727e+05,3.641e+06,1.7839e+06,9.6709e+05,2.8187e+06,1.7352e+06,3.349e+06,3.7309e+06,3.6884e+06,2.2648e+06,2.2805e+06,2.1262e+05,3.7437e+06,1.192e+06,1.7228e+06,4.7776e+06,3.3832e+06,1e+06,1.1652e+06,1.1649e+06,1.0895e+06,6.8425e+05,8.7742e+05,1.0824e+06,1.3828e+06,3.8287e+06,3.8321e+06,5.5816e+05,6.4965e+05,1.5223e+06,2.8563e+05,2.2029e+06
8.2976e+05,2.1516e+06,1.7417e+06,5.0064e+06,7.0419e+05,1.7179e+06,2.8927e+06,5.5323e+05,1.2851e+06,7.9758e+05,1.6203e+06,2.7693e+06,1.0338e+06,4.7643e+05,2.687e+06,2.0788e+06,8.4708e+05,2.1873e+05,5.6302e+05,1.8496e+06,4.3765e+05,1.597e+05,2.0127e+05,6.8882e+05,0,1.4692e+06,1.8761e+06,9.1112e+05,2.5915e+05,6.9904e+05,1.0536e+06,1.4225e+06,2.739e+06,3.0151e+06,2.2984e+06,3.3155e+06,1.3487e+06,2.5745e+06,1.5138e+06,3.2121e+06,2.1898e+06,3.9687e+05,2.3181e+06,2.4498e+06,7.2545e+06,1.0771e+06,1.5983e+06,2.4305e+06,2.7068e+05,1.0675e+06,1.0758e+06,4.1292e+06,9.9847e+05,1.7171e+06,7.1597e+05,3.2343e+06,4.5668e+05,2.8397e+06,2.8309e+06,1.161e+06,3.5796e+05,3.1886e+06,3.1822e+06,3.0705e+05,1.0167e+06,8.2156e+05,1.6001e+06,5.2974e+05,1.0047e+06,1.1282e+06,8.986e+05,9.8597e+05,9.8362e+05,2.1093e+06,5.3863e+05,2.8812e+06,7.5575e+05,8.6604e+05,1.2864e+06,7.7294e+05,5.737e+06,3.3861e+06,1.3691e+06,1.1006e+06,8.4643e+05,6.7039e+05,2.6801e+06,1.5084e+06,2.6574e+05,1.1345e+06,3.2699e+06,9.9872e+05,1.2193e+06,6.0674e+05,3.1317e+06,2.4969e+06,5.5228e+05,4.0272e+05,3.2978e+06,1.4982e+06,6.3915e+05,2.443e+06,1.8425e+06,3.1496e+06,3.4007e+06,3.3688e+06,2.8803e+06,2.0684e+06,8.9548e+05,3.2369e+06,1.2715e+06,1.2049e+06,4.1678e+06,2.8694e+06,5.6615e+05,9.0831e+05,9.4544e+05,6.6574e+05,1.3376e+06,1.8867e+05,5.0596e+05,1.2139e+06,3.2986e+06,3.314e+06,7.0767e+05,5.2967e+05,1.2625e+06,7.822e+05,1.5598e+06
2.297e+06,9.4883e+05,5.3941e+05,4.9193e+06,1.1583e+06,2.92e+05,2.2539e+06,1.9486e+06,2.7542e+06,9.301e+05,1.5951e+06,2.0771e+06,2.493e+06,1.9326e+06,2.4682e+06,7.033e+05,1.5754e+06,1.5029e+06,1.4955e+06,1.1761e+06,1.2909e+06,1.3111e+06,1.6528e+06,1.4689e+06,1.4692e+06,0,1.0704e+06,1.0175e+06,1.6076e+06,1.2078e+06,1.61e+06,2.8915e+06,2.6653e+06,1.759e+06,9.2185e+05,2.6013e+06,1.5656e+06,1.4033e+06,51846,2.1489e+06,1.2719e+06,1.4925e+06,2.0603e+06,2.0098e+06,6.1094e+06,3.9564e+05,3.6065e+05,1.7855e+06,1.2275e+06,6.1854e+05,1.4567e+06,3.9925e+06,7.2976e+05,1.7205e+06,2.1695e+06,2.4305e+06,1.2312e+06,1.7322e+06,2.2948e+06,8.9524e+05,1.7517e+06,1.9949e+06,1.9998e+06,1.1675e+06,2.4826e+06,6.7456e+05,1.7843e+06,1.3782e+06,1.3901e+06,8.5693e+05,9.8367e+05,2.4542e+06,2.4382e+06,2.1086e+06,9.9111e+05,2.5174e+06,2.195e+06,2.3142e+06,7.0965e+05,2.2128e+06,5.7586e+06,2.3779e+06,3.0277e+05,9.4437e+05,2.2868e+06,2.0893e+06,1.4287e+06,1.3247e+06,1.725e+06,2.6024e+06,2.632e+06,2.4517e+06,2.6698e+06,1.6987e+06,2.1976e+06,1.534e+06,1.8315e+06,1.6118e+06,2.3222e+06,2.9674e+06,8.7694e+05,1.6131e+06,4.1189e+05,1.9092e+06,2.3924e+06,2.3393e+06,3.4374e+06,9.0543e+05,1.4757e+06,2.7096e+06,2.8973e+05,1.197e+06,3.9791e+06,2.4006e+06,1.0091e+06,2.3679e+06,5.8713e+05,2.1339e+06,1.4747e+06,1.5293e+06,1.9365e+06,3.8215e+05,2.8459e+06,2.8185e+06,1.9521e+06,1.9031e+06,5.5119e+05,1.7535e+06,1.9031e+06
2.6257e+06,5.381e+05,5.79e+05,3.8605e+06,1.9523e+06,1.2427e+06,1.1954e+06,2.4293e+06,3.0139e+06,1.7626e+06,8.5444e+05,1.0261e+06,2.847e+06,2.2093e+06,1.4351e+06,8.1466e+05,2.372e+06,2.023e+06,2.1879e+06,1.5587e+05,1.4826e+06,1.7622e+06,1.982e+06,2.2223e+06,1.8761e+06,1.0704e+06,0,9.8305e+05,1.8624e+06,1.2404e+06,1.307e+06,3.1543e+06,1.6642e+06,1.2329e+06,8.9585e+05,1.5709e+06,1.0321e+06,7.7583e+05,1.0413e+06,1.3365e+06,3.1452e+05,1.6528e+06,1.0476e+06,9.4965e+05,5.3792e+06,1.2088e+06,1.4163e+06,7.1749e+05,1.6109e+06,1.564e+06,2.3597e+06,2.9358e+06,8.9932e+05,2.7479e+06,2.4007e+06,1.4316e+06,1.8967e+06,9.7989e+05,1.225e+06,7.1843e+05,1.9867e+06,1.3495e+06,1.3377e+06,1.6712e+06,2.8068e+06,1.4157e+06,2.7785e+06,1.4717e+06,1.1285e+06,1.836e+06,1.8693e+06,2.7175e+06,2.6369e+06,1.2083e+06,1.6464e+06,1.4537e+06,2.6124e+06,2.7084e+06,1.7414e+06,2.6284e+06,4.7085e+06,1.5136e+06,8.1937e+05,7.86e+05,2.4697e+06,2.5412e+06,9.3914e+05,6.4093e+05,2.1302e+06,2.903e+06,1.5812e+06,2.8271e+06,2.8303e+06,2.3548e+06,1.271e+06,6.2086e+05,2.3983e+06,2.1945e+06,1.4298e+06,3.2174e+06,1.2841e+06,5.9758e+05,1.2925e+06,1.3428e+06,1.5283e+06,1.4938e+06,4.4019e+06,4.5906e+05,2.3113e+06,1.6428e+06,1.2975e+06,8.071e+05,2.9163e+06,1.3304e+06,1.3149e+06,2.7278e+06,1.0594e+06,2.4294e+06,2.4524e+06,1.8203e+06,2.1654e+06,8.8693e+05,1.7757e+06,1.7501e+06,2.5487e+06,2.4039e+06,7.0763e+05,2.4742e+06,1.2871e+06
1.6433e+06,1.3465e+06,1.0091e+06,4.3016e+06,1.19e+06,1.309e+06,1.9929e+06,1.4605e+06,2.0417e+06,1.0782e+06,8.1437e+05,1.8626e+06,1.8644e+06,1.2273e+06,1.8794e+06,1.3859e+06,1.5555e+06,1.0838e+06,1.3183e+06,9.4182e+05,5.0004e+05,8.2032e+05,1.0008e+06,1.3892e+06,9.1112e+05,1.0175e+06,9.8305e+05,0,8.794e+05,2.6529e+05,5.9425e+05,2.1828e+06,1.9889e+06,2.1793e+06,1.5808e+06,2.4124e+06,6.3966e+05,1.7247e+06,1.0372e+06,2.3166e+06,1.2972e+06,6.7329e+05,1.4812e+06,1.5717e+06,6.3502e+06,7.8595e+05,1.3222e+06,1.5232e+06,6.6113e+05,1.0704e+06,1.643e+06,3.3905e+06,2.8772e+05,2.1828e+06,1.4258e+06,2.3243e+06,1.0474e+06,1.961e+06,1.945e+06,2.69e+05,1.0056e+06,2.3242e+06,2.3145e+06,7.6599e+05,1.8255e+06,7.7899e+05,2.1449e+06,4.9667e+05,3.7901e+05,1.3067e+06,1.2132e+06,1.7418e+06,1.6716e+06,1.3586e+06,8.4397e+05,2.0355e+06,1.6318e+06,1.7258e+06,1.3298e+06,1.6475e+06,5.0889e+06,2.4814e+06,7.6059e+05,1.9718e+05,1.5051e+06,1.5652e+06,1.8565e+06,6.3002e+05,1.1552e+06,1.9243e+06,2.3756e+06,1.8441e+06,1.8775e+06,1.4509e+06,2.223e+06,1.6004e+06,1.4543e+06,1.268e+06,2.3908e+06,2.2488e+06,4.425e+05,1.534e+06,1.425e+06,2.3029e+06,2.4958e+06,2.4665e+06,3.6512e+06,1.256e+06,1.5336e+06,2.3611e+06,1.0118e+06,3.3644e+05,3.4096e+06,1.9977e+06,3.9055e+05,1.7448e+06,4.8565e+05,1.4478e+06,1.8219e+06,8.3857e+05,1.1874e+06,6.3711e+05,2.4405e+06,2.4463e+06,1.6088e+06,1.4404e+06,5.3218e+05,1.5975e+06,9.6337e+05
