0,1.6184e+07,2.2907e+06,6.9824e+05,3.1647e+06,1.0498e+07,2.8531e+06,1.7737e+07,9.4796e+06,1.7803e+06,7.818e+06,7.6976e+06,3.6815e+05,2.0803e+06,1.1229e+06,5.2712e+05,8.5101e+06,7.3464e+06,1.3749e+06,8.3195e+05,1.618e+07,6.3324e+05,8.1872e+05,2.417e+06,1.7899e+06,1.1449e+07,3.9724e+06,7.9605e+06,9.284e+06,1.0274e+07,7.531e+06,7.2608e+06,8.1649e+06,8.31e+06,9.215e+05,1.1405e+07,4.8889e+06,1.366e+07,6.3538e+06,4.9835e+05,1.0132e+07,1.5091e+05,1.0588e+06,7.3871e+06,1.955e+05,8.5565e+06,9.4738e+06,8.689e+05,1.9344e+06,7.2936e+06,1.5991e+06,1.7344e+07,9.4067e+06,1.0619e+07,6.1422e+06,1.1727e+07,9.6613e+06,7.4215e+06,6.9921e+06,1.0546e+07,1.017e+07,3.8075e+05,1.0227e+07,2.1108e+06,4.1911e+05,6.394e+05,1.3563e+06,1.8623e+06,4.064e+05,1.05e+07,1.6246e+06,8.6866e+06,5.215e+06,1.6783e+07,8.6226e+06,1.5178e+06,1.1386e+07,2.4213e+06,1.3628e+06,9.0736e+06,9.084e+06,7.3702e+06,8.6876e+06,2.1631e+06,6.7575e+06,2.4536e+05,2.5314e+06,9.0965e+06,8.089e+05,8.4132e+06,7.3228e+06,9.7629e+05,1.4595e+07,7.601e+05,1.4089e+07,1.3444e+06,8.9319e+06,1.3222e+06,9.6685e+06,1.9891e+06,8.4546e+06,1.1913e+07,1.8952e+06,9.8523e+06,8.8887e+06,1.0854e+07,2.4124e+06,1.2058e+06,1.6735e+07,9.5977e+06,4.6117e+06,9.1161e+06,2.933e+06,1.642e+06,8.4749e+06,1.5869e+06,8.0956e+06,1.5806e+06,1.8226e+07,1.3081e+06
1.6184e+07,0,1.6046e+07,1.5901e+07,1.3613e+07,1.3129e+07,1.4297e+07,3.2516e+06,6.7226e+06,1.618e+07,8.5932e+06,1.591e+07,1.6515e+07,1.4741e+07,1.5323e+07,1.6351e+07,1.5249e+07,9.1564e+06,1.6397e+07,1.5627e+07,1.6091e+06,1.6424e+07,1.5963e+07,1.4297e+07,1.4895e+07,1.2111e+07,1.3317e+07,8.2803e+06,6.9587e+06,1.0177e+07,1.6263e+07,1.649e+07,1.3963e+07,7.9097e+06,1.535e+07,1.2282e+07,1.6736e+07,2.6068e+06,1.1238e+07,1.6591e+07,9.5878e+06,1.6295e+07,1.5667e+07,1.6445e+07,1.6361e+07,1.4638e+07,1.4275e+07,1.554e+07,1.4538e+07,1.5858e+07,1.4585e+07,1.1609e+06,6.8413e+06,1.3199e+07,1.024e+07,4.5484e+06,1.006e+07,1.6055e+07,1.2685e+07,5.7084e+06,1.365e+07,1.628e+07,1.3604e+07,1.7131e+07,1.6386e+07,1.6254e+07,1.5974e+07,1.6668e+07,1.6336e+07,5.7872e+06,1.593e+07,1.3671e+07,1.2127e+07,6.5383e+05,1.4138e+07,1.5635e+07,1.2127e+07,1.3788e+07,1.546e+07,7.5502e+06,7.7548e+06,1.0987e+07,7.6943e+06,1.5165e+07,9.5382e+06,1.6243e+07,1.3998e+07,7.6949e+06,1.5377e+07,1.5195e+07,1.6479e+07,1.6139e+07,2.1348e+06,1.6557e+07,2.9547e+06,1.5256e+07,7.2848e+06,1.6504e+07,1.3597e+07,1.5333e+07,1.4699e+07,1.1842e+07,1.4289e+07,1.3514e+07,7.5318e+06,5.3901e+06,1.4469e+07,1.498e+07,1.1432e+06,8.9295e+06,1.1922e+07,7.8148e+06,1.5036e+07,1.5388e+07,1.4393e+07,1.5108e+07,8.6726e+06,1.4806e+07,3.2268e+06,1.5689e+07
2.2907e+06,1.6046e+07,0,1.7324e+06,2.6241e+06,9.3593e+06,1.8348e+06,1.929e+07,9.7591e+06,5.1044e+05,9.1294e+06,6.7912e+06,2.0913e+06,1.7213e+06,1.9224e+06,1.774e+06,8.5765e+06,6.9974e+06,9.3636e+05,1.8617e+06,1.7038e+07,1.685e+06,1.563e+06,2.12e+06,1.774e+06,1.0142e+07,2.7307e+06,8.1515e+06,1.0149e+07,7.9932e+06,7.5465e+06,6.6391e+06,9.6607e+06,9.1657e+06,2.2147e+06,1.0296e+07,3.1858e+06,1.4185e+07,4.8868e+06,1.9691e+06,7.9384e+06,2.1716e+06,1.5446e+06,7.0163e+06,2.1816e+06,9.3578e+06,9.5271e+06,1.936e+06,3.9534e+06,8.1155e+06,3.0296e+06,1.692e+07,1.0278e+07,9.9238e+06,7.5443e+06,1.1657e+07,7.4553e+06,7.946e+06,4.729e+06,1.0578e+07,9.5173e+06,1.912e+06,9.9346e+06,1.09e+06,1.9008e+06,1.6515e+06,1.002e+06,7.068e+05,1.8964e+06,1.1385e+07,7.4858e+05,1.0079e+07,3.9271e+06,1.6674e+07,9.7618e+06,1.0872e+06,1.0026e+07,3.3373e+06,1.4379e+06,1.0537e+07,1.0729e+07,5.4955e+06,9.8881e+06,1.0719e+06,6.8447e+06,2.046e+06,2.5329e+06,1.0704e+07,2.6289e+06,8.7577e+06,6.8253e+06,1.3305e+06,1.3954e+07,1.612e+06,1.5303e+07,1.7343e+06,9.1678e+06,3.4594e+06,8.2029e+06,9.888e+05,7.0139e+06,1.091e+07,3.221e+06,8.4615e+06,1.0131e+07,1.0902e+07,1.8534e+06,2.7219e+06,1.7116e+07,7.7356e+06,4.3323e+06,1.0823e+07,1.0263e+06,1.2337e+06,9.5356e+06,1.6695e+06,9.7583e+06,2.2178e+06,1.9152e+07,1.2533e+06
6.9824e+05,1.5901e+07,1.7324e+06,0,2.5454e+06,1.0517e+07,2.1672e+06,1.811e+07,9.1854e+06,1.2384e+06,7.8438e+06,7.761e+06,7.5941e+05,1.4189e+06,5.8023e+05,4.6279e+05,8.8726e+06,6.8615e+06,9.2694e+05,2.7741e+05,1.6197e+07,5.2316e+05,1.7068e+05,1.7943e+06,1.1515e+06,1.1417e+07,3.2915e+06,7.621e+06,9.1676e+06,9.6483e+06,7.8661e+06,7.4074e+06,8.8244e+06,8.1782e+06,6.2277e+05,1.1446e+07,4.6275e+06,1.35e+07,5.6739e+06,7.5693e+05,9.4571e+06,6.5728e+05,3.6471e+05,7.6111e+06,7.1039e+05,9.0954e+06,9.8453e+06,3.7019e+05,2.2447e+06,7.824e+06,1.5094e+06,1.7042e+07,9.2939e+06,1.0789e+07,6.1846e+06,1.1367e+07,8.9915e+06,7.8852e+06,6.3561e+06,1.0197e+07,1.0348e+07,4.5463e+05,1.0514e+07,1.8629e+06,5.43e+05,3.5376e+05,7.3585e+05,1.4792e+06,4.9572e+05,1.0405e+07,1.0049e+06,9.334e+06,4.5439e+06,1.6539e+07,9.2282e+06,8.3043e+05,1.1333e+07,2.1543e+06,6.7036e+05,9.1719e+06,9.2573e+06,6.672e+06,8.6812e+06,1.4665e+06,6.3716e+06,5.1768e+05,1.9798e+06,9.2541e+06,9.1762e+05,8.8456e+06,7.5082e+06,4.3586e+05,1.4133e+07,6.6023e+05,1.4157e+07,7.1319e+05,8.6181e+06,2.0198e+06,9.5574e+06,1.2958e+06,8.3411e+06,1.1997e+07,1.7746e+06,9.7719e+06,8.9001e+06,1.0513e+07,1.7504e+06,1.1251e+06,1.6637e+07,8.9005e+06,4.0921e+06,9.3169e+06,2.2586e+06,9.4383e+05,9.065e+06,9.3491e+05,8.2691e+06,1.0973e+06,1.8558e+07,6.1592e+05
3.1647e+06,1.3613e+07,2.6241e+06,2.5454e+06,0,1.1812e+07,8.2603e+05,1.6697e+07,7.1356e+06,2.5936e+06,6.8469e+06,9.3823e+06,3.3045e+06,1.1567e+06,2.0422e+06,2.988e+06,1.1138e+07,4.4568e+06,2.7867e+06,2.3393e+06,1.4418e+07,3.01e+06,2.5228e+06,7.5157e+05,1.394e+06,1.2467e+07,1.1057e+06,5.5277e+06,7.6034e+06,8.3107e+06,1.0107e+07,9.2624e+06,1.1318e+07,6.6413e+06,2.3043e+06,1.2729e+07,5.6223e+06,1.1563e+07,3.3031e+06,3.2948e+06,7.7303e+06,3.1755e+06,2.2063e+06,9.6337e+06,3.2371e+06,1.1614e+07,1.2103e+07,2.2958e+06,3.4609e+06,1.034e+07,2.3188e+06,1.4666e+07,7.7319e+06,1.2513e+07,5.4476e+06,9.0992e+06,7.3366e+06,1.0331e+07,5.2182e+06,7.9857e+06,1.2119e+07,3e+06,1.2558e+07,3.5958e+06,3.0858e+06,2.8422e+06,2.372e+06,3.0968e+06,3.04e+06,8.82e+06,2.3189e+06,1.1849e+07,2.1442e+06,1.4266e+07,1.1773e+07,2.0325e+06,1.2319e+07,1.794e+06,1.9296e+06,8.293e+06,8.6326e+06,4.595e+06,7.4976e+06,1.5855e+06,4.221e+06,3.0486e+06,7.4587e+05,8.5739e+06,2.7118e+06,1.1233e+07,9.4487e+06,2.6083e+06,1.1667e+07,3.0948e+06,1.2741e+07,1.8354e+06,6.5444e+06,4.4181e+06,1.051e+07,1.7342e+06,9.3921e+06,1.3372e+07,2.2339e+06,1.0808e+07,7.755e+06,8.3096e+06,8.5825e+05,2.3945e+06,1.4579e+07,6.6788e+06,1.7175e+06,8.7859e+06,1.9241e+06,1.7889e+06,1.161e+07,1.6127e+06,7.7446e+06,1.6458e+06,1.6817e+07,2.1239e+06
1.0498e+07,1.3129e+07,9.3593e+06,1.0517e+07,1.1812e+07,0,1.0992e+07,1.1216e+07,1.7411e+07,9.6112e+06,1.8289e+07,2.8103e+06,1.0132e+07,1.108e+07,1.1012e+07,1.016e+07,3.7514e+06,1.4902e+07,9.6859e+06,1.0781e+07,1.3307e+07,1.0056e+07,1.0389e+07,1.1464e+07,1.1109e+07,1.0368e+06,1.1286e+07,1.6572e+07,1.9078e+07,7.2652e+06,4.0798e+06,3.3766e+06,7.8969e+06,1.8393e+07,1.1139e+07,9.3802e+05,6.2061e+06,1.5732e+07,1.1622e+07,1.0017e+07,8.5287e+06,1.036e+07,1.0592e+07,3.5407e+06,1.0303e+07,5.6703e+06,3.4969e+06,1.0877e+07,1.2314e+07,5.9807e+06,1.2016e+07,1.2042e+07,1.9137e+07,1.3966e+06,1.6624e+07,1.6139e+07,8.4207e+06,5.2138e+06,8.097e+06,1.672e+07,1.4783e+06,1.0279e+07,2.5097e+06,8.7e+06,1.018e+07,1.0191e+07,1.0078e+07,9.1671e+06,1.0223e+07,1.8815e+07,9.951e+06,7.5091e+06,1.1716e+07,1.2639e+07,6.6762e+06,1.0336e+07,1.0776e+06,1.2612e+07,1.0652e+07,1.8897e+07,1.8241e+07,1.041e+07,1.9182e+07,1.0417e+07,1.5557e+07,1.0362e+07,1.1887e+07,1.8386e+07,1.1284e+07,4.4666e+06,3.4395e+06,1.0133e+07,1.3637e+07,9.899e+06,1.533e+07,1.0941e+07,1.7145e+07,1.0378e+07,1.492e+06,1.0348e+07,2.4337e+06,1.5609e+06,1.2291e+07,1.147e+06,1.9343e+07,1.6702e+07,1.1181e+07,1.1617e+07,1.2785e+07,1.0578e+07,1.3292e+07,1.7993e+07,9.8888e+06,1.0544e+07,6.4439e+06,1.0964e+07,1.7833e+07,1.1459e+07,1.0876e+07,1.0411e+07
2.8531e+06,1.4297e+07,1.8348e+06,2.1672e+06,8.2603e+05,1.0992e+07,0,1.7468e+07,7.9325e+06,1.8836e+06,7.6368e+06,8.5605e+06,2.9027e+06,8.1105e+05,1.8022e+06,2.5525e+06,1.0401e+07,5.1745e+06,2.1552e+06,2.035e+06,1.5203e+07,2.5447e+06,2.0927e+06,7.4398e+05,1.1244e+06,1.1667e+07,1.1268e+06,6.3272e+06,8.4294e+06,7.9775e+06,9.3692e+06,8.4581e+06,1.0977e+07,7.4663e+06,2.1375e+06,1.1912e+07,4.7974e+06,1.2353e+07,3.5076e+06,2.8589e+06,7.5479e+06,2.8244e+06,1.8027e+06,8.85e+06,2.8765e+06,1.1033e+07,1.1357e+07,2.0251e+06,3.6358e+06,9.7658e+06,2.4705e+06,1.5293e+07,8.5579e+06,1.1689e+07,6.1877e+06,9.834e+06,7.1173e+06,9.6855e+06,4.7598e+06,8.7448e+06,1.1298e+07,2.6036e+06,1.1762e+07,2.8587e+06,2.6701e+06,2.3945e+06,1.7841e+06,2.3745e+06,2.6315e+06,9.6455e+06,1.6608e+06,1.1471e+07,2.3892e+06,1.4945e+07,1.1298e+07,1.4652e+06,1.1524e+07,2.233e+06,1.4973e+06,9.0807e+06,9.3923e+06,4.567e+06,8.3082e+06,8.7475e+05,5.0208e+06,2.684e+06,1.108e+06,9.3404e+06,2.6129e+06,1.0546e+07,8.6537e+06,2.098e+06,1.2279e+07,2.5945e+06,1.3565e+07,1.5356e+06,7.341e+06,4.1692e+06,9.7081e+06,1.0563e+06,8.5775e+06,1.2553e+07,2.4871e+06,1e+07,8.564e+06,9.0684e+06,5.2291e+05,2.4049e+06,1.5313e+07,6.7637e+06,2.5025e+06,9.534e+06,1.104e+06,1.257e+06,1.1107e+07,1.2878e+06,8.4811e+06,1.5996e+06,1.7523e+07,1.6196e+06
1.7737e+07,3.2516e+06,1.929e+07,1.811e+07,1.6697e+07,1.1216e+07,1.7468e+07,0,9.5655e+06,1.9204e+07,1.0384e+07,1.3863e+07,1.803e+07,1.7684e+07,1.7742e+07,1.8257e+07,1.2179e+07,1.2297e+07,1.9037e+07,1.79e+07,2.2814e+06,1.8368e+07,1.8274e+07,1.7258e+07,1.77e+07,1.0379e+07,1.6561e+07,1.1174e+07,9.2541e+06,1.1796e+07,1.321e+07,1.4065e+07,1.0989e+07,1.0244e+07,1.7524e+07,1.0278e+07,1.7267e+07,5.1361e+06,1.4448e+07,1.8172e+07,1.1714e+07,1.7881e+07,1.8163e+07,1.3716e+07,1.7894e+07,1.1389e+07,1.1225e+07,1.781e+07,1.5883e+07,1.2623e+07,1.6647e+07,2.4277e+06,9.125e+06,1.0741e+07,1.201e+07,7.6373e+06,1.2205e+07,1.281e+07,1.4978e+07,8.7236e+06,1.1158e+07,1.8106e+07,1.0787e+07,1.9618e+07,1.8157e+07,1.8325e+07,1.8715e+07,1.9588e+07,1.8141e+07,8.0116e+06,1.8864e+07,1.0597e+07,1.5378e+07,2.6305e+06,1.0953e+07,1.8479e+07,1.048e+07,1.6192e+07,1.8155e+07,9.0084e+06,8.8784e+06,1.3945e+07,9.5896e+06,1.8278e+07,1.2479e+07,1.7973e+07,1.6866e+07,8.8893e+06,1.7198e+07,1.2003e+07,1.3894e+07,1.8545e+07,5.356e+06,1.8496e+07,4.1206e+06,1.7859e+07,1.0156e+07,1.6779e+07,1.2285e+07,1.8401e+07,1.3494e+07,9.6835e+06,1.6414e+07,1.2049e+07,9.3548e+06,8.3998e+06,1.7503e+07,1.7005e+07,2.1742e+06,1.1729e+07,1.4982e+07,8.8078e+06,1.8287e+07,1.8267e+07,1.1187e+07,1.7852e+07,9.8629e+06,1.7344e+07,4.9033e+05,1.8389e+07
9.4796e+06,6.7226e+06,9.7591e+06,9.1854e+06,7.1356e+06,1.7411e+07,7.9325e+06,9.5655e+06,0,9.6929e+06,3.2909e+06,1.6357e+07,9.7976e+06,8.1571e+06,8.6111e+06,9.6297e+06,1.7903e+07,3.0122e+06,9.7907e+06,8.9092e+06,7.2843e+06,9.7067e+06,9.2585e+06,7.7153e+06,8.2526e+06,1.6878e+07,7.2672e+06,1.6083e+06,1.698e+06,1.0147e+07,1.6999e+07,1.6387e+07,1.452e+07,1.8803e+06,8.6277e+06,1.7504e+07,1.251e+07,4.4295e+06,6.2324e+06,9.8692e+06,8.8826e+06,9.5826e+06,8.9762e+06,1.6757e+07,9.6497e+06,1.6644e+07,1.8722e+07,8.8208e+06,8.0861e+06,1.5912e+07,7.8879e+06,7.8782e+06,1.7307e+06,1.8799e+07,4.3118e+06,2.3206e+06,8.9936e+06,1.6482e+07,9.6147e+06,1.1816e+06,1.88e+07,9.5572e+06,1.9693e+07,1.0699e+07,9.6632e+06,9.5392e+06,9.3591e+06,1.0194e+07,9.613e+06,2.2089e+06,9.3841e+06,1.4984e+07,6.467e+06,7.3541e+06,1.5758e+07,9.0359e+06,1.6705e+07,7.0677e+06,8.8038e+06,3.6562e+06,4.3487e+06,7.2088e+06,2.7593e+06,8.7124e+06,2.9146e+06,9.523e+06,7.3603e+06,4.2026e+06,8.6831e+06,1.7492e+07,1.6584e+07,9.4574e+06,5.3162e+06,9.845e+06,5.7533e+06,8.5696e+06,5.9154e+05,1.0109e+07,1.6074e+07,8.8433e+06,1.5593e+07,1.7651e+07,7.5919e+06,1.6397e+07,2.8836e+06,1.4346e+06,7.9422e+06,8.2744e+06,7.5164e+06,6.8341e+06,5.43e+06,4.6084e+06,8.9459e+06,8.792e+06,1.5937e+07,8.4518e+06,4.4377e+06,8.0974e+06,9.7389e+06,9.0452e+06
1.7803e+06,1.618e+07,5.1044e+05,1.2384e+06,2.5936e+06,9.6112e+06,1.8836e+06,1.9204e+07,9.6929e+06,0,8.8264e+06,6.9633e+06,1.5878e+06,1.5415e+06,1.5005e+06,1.2646e+06,8.5446e+06,7.0411e+06,4.4041e+05,1.3938e+06,1.6962e+07,1.1778e+06,1.0678e+06,1.9788e+06,1.5053e+06,1.0439e+07,2.9082e+06,8.0867e+06,9.9544e+06,8.5014e+06,7.5132e+06,6.7414e+06,9.3209e+06,8.9635e+06,1.7604e+06,1.0549e+07,3.5149e+06,1.4118e+07,5.1759e+06,1.47e+06,8.426e+06,1.6617e+06,1.0947e+06,7.0648e+06,1.673e+06,9.1691e+06,9.5092e+06,1.4753e+06,3.4764e+06,7.9093e+06,2.6104e+06,1.7157e+07,1.0083e+07,1.0081e+07,7.2091e+06,1.1692e+07,7.9455e+06,7.8034e+06,5.2319e+06,1.0577e+07,9.6602e+06,1.4016e+06,1e+07,1.0072e+06,1.3923e+06,1.1411e+06,5.313e+05,5.0393e+05,1.3867e+06,1.1198e+07,3.401e+05,9.7647e+06,4.1524e+06,1.6828e+07,9.5015e+06,7.2551e+05,1.0333e+07,3.0166e+06,1.057e+06,1.0211e+07,1.0362e+07,5.8969e+06,9.6157e+06,1.0174e+06,6.7859e+06,1.5356e+06,2.3549e+06,1.0346e+07,2.1478e+06,8.665e+06,6.9008e+06,8.2437e+05,1.4149e+07,1.1135e+06,1.5083e+07,1.3565e+06,9.1048e+06,2.964e+06,8.5211e+06,8.5953e+05,7.3171e+06,1.1145e+07,2.8253e+06,8.7641e+06,9.8515e+06,1.0901e+07,1.7555e+06,2.277e+06,1.7173e+07,8.1447e+06,4.3085e+06,1.0443e+07,1.354e+06,9.3858e+05,9.2908e+06,1.3525e+06,9.3829e+06,1.8675e+06,1.9406e+07,8.3433e+05
7.818e+06,8.5932e+06,9.1294e+06,7.8438e+06,6.8469e+06,1.8289e+07,7.6368e+06,1.0384e+07,3.2909e+06,8.8264e+06,0,1.5483e+07,8.1852e+06,7.4261e+06,7.3776e+06,8.1784e+06,1.4964e+07,4.7608e+06,8.7076e+06,7.5878e+06,8.3754e+06,8.286e+06,7.9805e+06,7.079e+06,7.3568e+06,1.9261e+07,7.552e+06,3.2664e+06,1.8866e+06,1.2951e+07,1.4415e+07,1.4919e+07,1.1241e+07,1.44e+06,7.2212e+06,1.9065e+07,1.2315e+07,5.9883e+06,7.7833e+06,8.3048e+06,1.1723e+07,7.9591e+06,7.8006e+06,1.4809e+07,8.0131e+06,1.3358e+07,1.5512e+07,7.4919e+06,5.9784e+06,1.2758e+07,6.3356e+06,9.6821e+06,1.961e+06,1.7729e+07,1.6761e+06,5.2079e+06,1.1696e+07,1.345e+07,1.1267e+07,4.3359e+06,1.7363e+07,8.0538e+06,1.6644e+07,9.6894e+06,8.1502e+06,8.1581e+06,8.3352e+06,9.2428e+06,8.1086e+06,2.842e+06,8.4871e+06,1.1731e+07,7.4004e+06,9.0843e+06,1.2476e+07,8.1025e+06,1.9154e+07,5.8099e+06,7.7717e+06,1.4463e+06,1.8855e+06,9.2175e+06,9.0067e+05,8.1047e+06,3.7896e+06,7.9642e+06,6.6489e+06,1.7916e+06,7.0431e+06,1.435e+07,1.4877e+07,8.2435e+06,7.9568e+06,8.4433e+06,6.3131e+06,7.4753e+06,3.2308e+06,7.9119e+06,1.7328e+07,8.1485e+06,1.6141e+07,1.9053e+07,6.0711e+06,1.7589e+07,1.0729e+06,4.4672e+06,7.3729e+06,6.7292e+06,8.9234e+06,9.6476e+06,5.5857e+06,2.1021e+06,8.7319e+06,7.9112e+06,1.2646e+07,7.4808e+06,1.3472e+06,6.9601e+06,1.0755e+07,8.0054e+06
7.6976e+06,1.591e+07,6.7912e+06,7.761e+06,9.3823e+06,2.8103e+06,8.5605e+06,1.3863e+07,1.6357e+07,6.9633e+06,1.5483e+07,0,7.3343e+06,8.4887e+06,8.2828e+06,7.382e+06,2.9418e+06,1.3351e+07,6.9772e+06,8.0315e+06,1.6062e+07,7.2811e+06,7.644e+06,8.9066e+06,8.4666e+06,3.8073e+06,9.1173e+06,1.4817e+07,1.6913e+07,7.7961e+06,2.4421e+06,8.1419e+05,6.9765e+06,1.592e+07,8.3779e+06,3.7078e+06,3.8554e+06,1.8461e+07,1.0218e+07,7.2231e+06,8.9075e+06,7.5619e+06,7.871e+06,1.4153e+06,7.5043e+06,4.961e+06,3.5e+06,8.1274e+06,9.5049e+06,4.5714e+06,9.2405e+06,1.4847e+07,1.7042e+07,3.1334e+06,1.3814e+07,1.7157e+07,8.6009e+06,3.7774e+06,7.0947e+06,1.6716e+07,2.7381e+06,7.4946e+06,3.3597e+06,5.9996e+06,7.3936e+06,7.4248e+06,7.3891e+06,6.4888e+06,7.4383e+06,1.8158e+07,7.2971e+06,6.8361e+06,9.8927e+06,1.5446e+07,5.9931e+06,7.6751e+06,3.7844e+06,9.8955e+06,7.967e+06,1.6532e+07,1.6237e+07,9.503e+06,1.6372e+07,7.8628e+06,1.3536e+07,7.5716e+06,9.3074e+06,1.632e+07,8.4917e+06,3.6322e+06,1.0967e+06,7.3988e+06,1.5959e+07,7.126e+06,1.7917e+07,8.2434e+06,1.5787e+07,7.5898e+06,2.4445e+06,7.7631e+06,1.6828e+06,4.2362e+06,9.5229e+06,2.4488e+06,1.6553e+07,1.6966e+07,8.6446e+06,8.8385e+06,1.5586e+07,1.06e+07,1.1032e+07,1.6124e+07,7.4956e+06,7.9009e+06,5.6885e+06,8.2984e+06,1.5385e+07,8.7563e+06,1.3578e+07,7.7218e+06
3.6815e+05,1.6515e+07,2.0913e+06,7.5941e+05,3.3045e+06,1.0132e+07,2.9027e+06,1.803e+07,9.7976e+06,1.5878e+06,8.1852e+06,7.3343e+06,0,2.1753e+06,1.2994e+06,3.6175e+05,8.2125e+06,7.5849e+06,1.1552e+06,9.8369e+05,1.6548e+07,4.1628e+05,8.1003e+05,2.5532e+06,1.9108e+06,1.1082e+07,4.0295e+06,8.2625e+06,9.6395e+06,1.0082e+07,7.2226e+06,6.907e+06,8.0767e+06,8.6625e+06,1.1819e+06,1.1042e+07,4.5442e+06,1.4013e+07,6.4088e+06,1.4434e+05,1.0005e+07,2.2774e+05,1.1115e+06,7.0479e+06,1.7268e+05,8.3483e+06,9.1805e+06,1.0493e+06,2.295e+06,7.0789e+06,1.939e+06,1.7674e+07,9.7628e+06,1.0272e+07,6.5095e+06,1.2026e+07,9.5272e+06,7.1672e+06,6.8193e+06,1.0847e+07,9.8242e+06,3.0503e+05,9.9067e+06,1.7822e+06,2.3409e+05,5.2071e+05,1.2477e+06,1.5856e+06,2.7129e+05,1.0859e+07,1.4975e+06,8.5804e+06,5.2887e+06,1.7126e+07,8.4688e+06,1.4808e+06,1.1018e+07,2.7302e+06,1.4113e+06,9.4414e+06,9.4478e+06,7.3437e+06,9.0535e+06,2.1394e+06,7.0411e+06,2.8034e+05,2.7215e+06,9.4615e+06,1.1611e+06,8.1444e+06,6.9757e+06,8.6219e+05,1.4853e+07,4.839e+05,1.4457e+07,1.4703e+06,9.2434e+06,1.3852e+06,9.3013e+06,1.9538e+06,8.0879e+06,1.1554e+07,2.2332e+06,9.4842e+06,9.2556e+06,1.1159e+07,2.5056e+06,1.5391e+06,1.71e+07,9.5857e+06,4.827e+06,9.4773e+06,2.8372e+06,1.6519e+06,8.3067e+06,1.6942e+06,8.4599e+06,1.7986e+06,1.852e+07,1.2931e+06
2.0803e+06,1.4741e+07,1.7213e+06,1.4189e+06,1.1567e+06,1.108e+07,8.1105e+05,1.7684e+07,8.1571e+06,1.5415e+06,7.4261e+06,8.4887e+06,2.1753e+06,0,9.9648e+05,1.8447e+06,1.0034e+07,5.589e+06,1.6594e+06,1.2502e+06,1.542e+07,1.8594e+06,1.3771e+06,4.4569e+05,3.1337e+05,1.1851e+07,1.9003e+06,6.5532e+06,8.4383e+06,8.7273e+06,9.0064e+06,8.2827e+06,1.024e+07,7.4514e+06,1.3268e+06,1.2017e+07,4.8946e+06,1.2578e+07,4.2767e+06,2.1534e+06,8.3437e+06,2.0687e+06,1.0649e+06,8.5997e+06,2.126e+06,1.0457e+07,1.1005e+07,1.2294e+06,2.8746e+06,9.1839e+06,1.7283e+06,1.5813e+07,8.5675e+06,1.1614e+07,5.8749e+06,1.0204e+07,7.9063e+06,9.1804e+06,5.4707e+06,9.0688e+06,1.1197e+07,1.8706e+06,1.1536e+07,2.5434e+06,1.9497e+06,1.6946e+06,1.2331e+06,2.0389e+06,1.9062e+06,9.6783e+06,1.2271e+06,1.0753e+07,3.1348e+06,1.5394e+07,1.0637e+07,8.9535e+05,1.1728e+07,1.7068e+06,7.764e+05,8.848e+06,9.0824e+06,5.3775e+06,8.1705e+06,6.8119e+05,5.2572e+06,1.9339e+06,8.1865e+05,9.0471e+06,1.8023e+06,1.0096e+07,8.441e+06,1.4516e+06,1.2822e+07,1.9393e+06,1.3588e+07,7.3962e+05,7.5705e+06,3.383e+06,9.9022e+06,7.3279e+05,8.724e+06,1.2631e+07,1.799e+06,1.017e+07,8.4157e+06,9.3918e+06,3.3249e+05,1.6128e+06,1.5662e+07,7.5675e+06,2.8188e+06,9.1971e+06,1.4663e+06,6.4764e+05,1.0465e+07,4.9362e+05,8.1319e+06,8.199e+05,1.7896e+07,9.6803e+05
1.1229e+06,1.5323e+07,1.9224e+06,5.8023e+05,2.0422e+06,1.1012e+07,1.8022e+06,1.7742e+07,8.6111e+06,1.5005e+06,7.3776e+06,8.2828e+06,1.2994e+06,9.9648e+05,0,1.0404e+06,9.4528e+06,6.2908e+06,1.3302e+06,3.1697e+05,1.5684e+07,1.103e+06,6.5126e+05,1.2966e+06,6.8828e+05,1.1884e+07,2.8947e+06,7.0428e+06,8.6361e+06,9.5855e+06,8.4456e+06,7.9565e+06,9.2811e+06,7.6442e+06,3.5683e+05,1.1946e+07,5.0058e+06,1.2945e+07,5.2648e+06,1.3219e+06,9.2834e+06,1.1435e+06,4.2323e+05,8.1774e+06,1.2081e+06,9.647e+06,1.0426e+07,2.5529e+05,2.0855e+06,8.3781e+06,1.1113e+06,1.6461e+07,8.7634e+06,1.1337e+07,5.7371e+06,1.0786e+07,8.834e+06,8.4572e+06,6.2969e+06,9.6172e+06,1.0899e+07,1.0063e+06,1.1087e+07,2.3145e+06,1.1055e+06,9.3164e+05,9.7637e+05,1.869e+06,1.0555e+06,9.8777e+06,1.1832e+06,9.8074e+06,4.1158e+06,1.5963e+07,9.7425e+06,8.4313e+05,1.1789e+07,1.613e+06,5.0293e+05,8.7374e+06,8.8672e+06,6.3677e+06,8.1956e+06,1.2985e+06,5.7914e+06,1.0271e+06,1.4231e+06,8.8542e+06,8.4628e+05,9.4226e+06,8.0666e+06,8.8405e+05,1.3562e+07,1.235e+06,1.3681e+07,2.7805e+05,8.0418e+06,2.3961e+06,9.9916e+06,1.1807e+06,8.7801e+06,1.2513e+07,1.3285e+06,1.0222e+07,8.4219e+06,9.9341e+06,1.3209e+06,8.085e+05,1.6085e+07,8.5637e+06,3.5281e+06,8.9443e+06,2.1718e+06,7.8984e+05,9.5902e+06,5.1788e+05,7.8852e+06,5.1716e+05,1.8133e+07,6.719e+05
5.2712e+05,1.6351e+07,1.774e+06,4.6279e+05,2.988e+06,1.016e+07,2.5525e+06,1.8257e+07,9.6297e+06,1.2646e+06,8.1784e+06,7.382e+06,3.6175e+05,1.8447e+06,1.0404e+06,0,8.4158e+06,7.3241e+06,8.4953e+05,7.2785e+05,1.6553e+07,1.1522e+05,4.6771e+05,2.2395e+06,1.5961e+06,1.1084e+07,3.6788e+06,8.0725e+06,9.5617e+06,9.7657e+06,7.4124e+06,6.9984e+06,8.425e+06,8.5763e+06,1.0131e+06,1.1081e+07,4.4089e+06,1.3915e+07,6.0555e+06,3.0903e+05,9.6601e+06,3.9802e+05,7.8195e+05,7.1799e+06,4.097e+05,8.6397e+06,9.3878e+06,8.1145e+05,2.4023e+06,7.3675e+06,1.8587e+06,1.7497e+07,9.687e+06,1.0377e+07,6.5085e+06,1.1823e+07,9.1848e+06,7.4226e+06,6.4917e+06,1.0651e+07,9.9329e+06,1.5099e+05,1.0071e+07,1.6202e+06,1.3302e+05,1.5978e+05,8.8954e+05,1.339e+06,1.2262e+05,1.0793e+07,1.145e+06,8.9229e+06,4.9409e+06,1.6983e+07,8.7921e+06,1.12e+06,1.101e+07,2.5765e+06,1.0716e+06,9.4739e+06,9.5194e+06,6.982e+06,9.0314e+06,1.7784e+06,6.8289e+06,2.845e+05,2.4407e+06,9.5249e+06,1.1441e+06,8.3831e+06,7.0875e+06,5.0218e+05,1.4596e+07,2.6873e+05,1.4482e+07,1.168e+06,9.0658e+06,1.7373e+06,9.26e+06,1.5923e+06,8.0431e+06,1.1616e+07,2.1419e+06,9.4593e+06,9.2429e+06,1.0967e+07,2.1718e+06,1.4573e+06,1.704e+07,9.224e+06,4.5536e+06,9.5633e+06,2.4808e+06,1.2976e+06,8.6228e+06,1.3759e+06,8.5296e+06,1.556e+06,1.8742e+07,9.3649e+05
8.5101e+06,1.5249e+07,8.5765e+06,8.8726e+06,1.1138e+07,3.7514e+06,1.0401e+07,1.2179e+07,1.7903e+07,8.5446e+06,1.4964e+07,2.9418e+06,8.2125e+06,1.0034e+07,9.4528e+06,8.4158e+06,0,1.5574e+07,8.3748e+06,9.1435e+06,1.4405e+07,8.3499e+06,8.8202e+06,1.0479e+07,9.8912e+06,4.6393e+06,1.1253e+07,1.647e+07,1.684e+07,1.0534e+07,1.0317e+06,2.4355e+06,4.2901e+06,1.6207e+07,9.3937e+06,4.1253e+06,6.3166e+06,1.7137e+07,1.287e+07,8.155e+06,1.1724e+07,8.4185e+06,9.1197e+06,1.7892e+06,8.3504e+06,2.1031e+06,9.7392e+05,9.2265e+06,9.8216e+06,2.2362e+06,1.0082e+07,1.4119e+07,1.6896e+07,2.7693e+06,1.3682e+07,1.9787e+07,1.1466e+07,1.5139e+06,1.0004e+07,1.9051e+07,2.4094e+06,8.4721e+06,1.8541e+06,7.5471e+06,8.3673e+06,8.5219e+06,8.8031e+06,8.0424e+06,8.4179e+06,1.7318e+07,8.8234e+06,4.0262e+06,1.2288e+07,1.4599e+07,3.1622e+06,9.139e+06,4.7566e+06,1.0931e+07,9.3269e+06,1.5154e+07,1.4546e+07,1.238e+07,1.5726e+07,9.5583e+06,1.5244e+07,8.4915e+06,1.0789e+07,1.4682e+07,9.2906e+06,7.6247e+05,2.1108e+06,8.649e+06,1.6794e+07,8.2225e+06,1.5435e+07,9.531e+06,1.7414e+07,7.8052e+06,4.5428e+06,9.4037e+06,4.4047e+06,4.2219e+06,1.0375e+07,4.3239e+06,1.5719e+07,1.9337e+07,1.029e+07,9.7068e+06,1.4327e+07,1.3524e+07,1.2848e+07,1.4324e+07,9.5039e+06,9.3867e+06,2.8785e+06,9.6795e+06,1.4103e+07,9.9699e+06,1.209e+07,9.0954e+06
7.3464e+06,9.1564e+06,6.9974e+06,6.8615e+06,4.4568e+06,1.4902e+07,5.1745e+06,1.2297e+07,3.0122e+06,7.0411e+06,4.7608e+06,1.3351e+07,7.5849e+06,5.589e+06,6.2908e+06,7.3241e+06,1.5574e+07,0,7.2411e+06,6.6077e+06,1.0064e+07,7.3711e+06,6.8836e+06,5.1489e+06,5.7669e+06,1.4928e+07,4.3487e+06,1.6706e+06,4.2156e+06,8.2201e+06,1.4543e+07,1.3465e+07,1.4734e+07,3.6112e+06,6.4257e+06,1.551e+07,9.522e+06,7.256e+06,3.2967e+06,7.6127e+06,7.0326e+06,7.4064e+06,6.5706e+06,1.3952e+07,7.4742e+06,1.5867e+07,1.652e+07,6.5365e+06,6.5829e+06,1.4627e+07,5.9213e+06,1.0228e+07,4.3148e+06,1.6148e+07,4.6126e+06,4.66e+06,6.956e+06,1.4747e+07,6.8055e+06,3.6018e+06,1.5913e+07,7.2969e+06,1.671e+07,8.0316e+06,7.3962e+06,7.1975e+06,6.8206e+06,7.5407e+06,7.3463e+06,5.1411e+06,6.7754e+06,1.5335e+07,3.4579e+06,9.81e+06,1.5663e+07,6.4812e+06,1.4724e+07,5.0301e+06,6.3314e+06,5.8561e+06,6.4975e+06,4.5272e+06,4.8128e+06,6.0244e+06,1.1519e+06,7.3068e+06,4.8871e+06,6.3685e+06,6.6508e+06,1.5685e+07,1.3712e+07,7.0188e+06,7.272e+06,7.4804e+06,8.7368e+06,6.1644e+06,2.468e+06,8.3517e+06,1.3414e+07,6.1848e+06,1.2686e+07,1.6074e+07,5.6565e+06,1.3759e+07,5.049e+06,3.9219e+06,5.3128e+06,6.2335e+06,1.0139e+07,5.0125e+06,2.7776e+06,6.7503e+06,6.0853e+06,6.2346e+06,1.5616e+07,5.9858e+06,6.1045e+06,5.7863e+06,1.2366e+07,6.5495e+06
1.3749e+06,1.6397e+07,9.3636e+05,9.2694e+05,2.7867e+06,9.6859e+06,2.1552e+06,1.9037e+07,9.7907e+06,4.4041e+05,8.7076e+06,6.9772e+06,1.1552e+06,1.6594e+06,1.3302e+06,8.4953e+05,8.3748e+06,7.2411e+06,0,1.1421e+06,1.6986e+07,7.5336e+05,7.6352e+05,2.1046e+06,1.5381e+06,1.0554e+07,3.2331e+06,8.1937e+06,9.9365e+06,8.9274e+06,7.3476e+06,6.6944e+06,8.9337e+06,8.9434e+06,1.5188e+06,1.0621e+07,3.7071e+06,1.4189e+07,5.5468e+06,1.0331e+06,8.8658e+06,1.2469e+06,9.0766e+05,6.9695e+06,1.2516e+06,8.8786e+06,9.3461e+06,1.2347e+06,3.1626e+06,7.6107e+06,2.4027e+06,1.7442e+07,1.0065e+07,1.0063e+07,7.0637e+06,1.1864e+07,8.3848e+06,7.5513e+06,5.6652e+06,1.0725e+07,9.6328e+06,9.9422e+05,9.9034e+06,9.8592e+05,9.7146e+05,7.4569e+05,4.3178e+05,5.5403e+05,9.7202e+05,1.1181e+07,4.9717e+05,9.3915e+06,4.4929e+06,1.7051e+07,9.1618e+06,7.6422e+05,1.046e+07,2.9277e+06,9.9754e+05,1.0062e+07,1.017e+07,6.319e+06,9.5245e+06,1.2842e+06,6.9055e+06,1.1298e+06,2.4321e+06,1.0163e+07,1.8414e+06,8.4469e+06,6.8296e+06,4.916e+05,1.443e+07,6.7598e+05,1.501e+07,1.2663e+06,9.2082e+06,2.5256e+06,8.6671e+06,1.099e+06,7.4537e+06,1.1197e+07,2.6467e+06,8.8932e+06,9.7517e+06,1.1048e+07,1.9289e+06,2.0363e+06,1.7307e+07,8.568e+06,4.4769e+06,1.0235e+07,1.7717e+06,1.0119e+06,8.9617e+06,1.3436e+06,9.1833e+06,1.78e+06,1.9463e+07,7.5195e+05
8.3195e+05,1.5627e+07,1.8617e+06,2.7741e+05,2.3393e+06,1.0781e+07,2.035e+06,1.79e+07,8.9092e+06,1.3938e+06,7.5878e+06,8.0315e+06,9.8369e+05,1.2502e+06,3.1697e+05,7.2785e+05,9.1435e+06,6.6077e+06,1.1421e+06,0,1.593e+07,7.9771e+05,3.9273e+05,1.5891e+06,9.5805e+05,1.1673e+07,3.1473e+06,7.3469e+06,8.8945e+06,9.6827e+06,8.139e+06,7.6835e+06,8.9967e+06,7.9044e+06,3.7682e+05,1.1711e+07,4.8485e+06,1.3223e+07,5.5264e+06,1.0052e+06,9.4371e+06,8.3661e+05,3.302e+05,7.8885e+06,8.9934e+05,9.3319e+06,1.0116e+07,96290,2.0918e+06,8.0625e+06,1.2627e+06,1.677e+07,9.021e+06,1.1065e+07,5.9338e+06,1.1096e+07,8.9791e+06,8.1405e+06,6.3884e+06,9.9243e+06,1.0624e+07,6.8933e+05,1.079e+07,2.1063e+06,7.8872e+05,6.3058e+05,8.6495e+05,1.6952e+06,7.3868e+05,1.0133e+07,1.1143e+06,9.5168e+06,4.3846e+06,1.6263e+07,9.4375e+06,8.4932e+05,1.1585e+07,1.878e+06,5.8432e+05,8.9268e+06,9.0277e+06,6.5823e+06,8.4197e+06,1.4222e+06,6.1011e+06,7.1439e+05,1.7378e+06,9.021e+06,7.7326e+05,9.1072e+06,7.7853e+06,6.5882e+05,1.3879e+07,9.3743e+05,1.39e+07,5.1254e+05,8.3427e+06,2.1355e+06,9.8019e+06,1.2727e+06,8.5867e+06,1.2267e+07,1.5169e+06,1.0022e+07,8.6409e+06,1.024e+07,1.5818e+06,8.9574e+05,1.6361e+07,8.7954e+06,3.8447e+06,9.0938e+06,2.264e+06,8.8818e+05,9.2818e+06,7.5659e+05,8.0413e+06,8.2878e+05,1.8327e+07,6.3809e+05
1.618e+07,1.6091e+06,1.7038e+07,1.6197e+07,1.4418e+07,1.3307e+07,1.5203e+07,2.2814e+06,7.2843e+06,1.6962e+07,8.3754e+06,1.6062e+07,1.6548e+07,1.542e+07,1.5684e+07,1.6553e+07,1.4405e+07,1.0064e+07,1.6986e+07,1.593e+07,0,1.6659e+07,1.632e+07,1.4985e+07,1.5475e+07,1.2381e+07,1.4397e+07,8.8926e+06,7.0514e+06,1.171e+07,1.5426e+07,1.6337e+07,1.2397e+07,8.0443e+06,1.5576e+07,1.2381e+07,1.8292e+07,2.8551e+06,1.257e+07,1.6674e+07,1.1184e+07,1.6325e+07,1.6096e+07,1.5994e+07,1.6376e+07,1.3332e+07,1.3469e+07,1.5834e+07,1.4275e+07,1.4464e+07,1.47e+07,1.7859e+06,6.9235e+06,1.2982e+07,1.0048e+07,5.423e+06,1.166e+07,1.4827e+07,1.4293e+07,6.4685e+06,1.3409e+07,1.6429e+07,1.3068e+07,1.7953e+07,1.6525e+07,1.6525e+07,1.6569e+07,1.7454e+07,1.6484e+07,5.808e+06,1.6638e+07,1.2148e+07,1.3322e+07,1.3741e+06,1.2692e+07,1.627e+07,1.2448e+07,1.4071e+07,1.5992e+07,7.1085e+06,7.1353e+06,1.2506e+07,7.5223e+06,1.5996e+07,1.0198e+07,1.6338e+07,1.4607e+07,7.1111e+06,1.5418e+07,1.4144e+07,1.6175e+07,1.6568e+07,3.622e+06,1.6816e+07,2.0968e+06,1.5721e+07,7.8749e+06,1.5923e+07,1.4157e+07,1.6123e+07,1.5363e+07,1.1829e+07,1.4425e+07,1.3983e+07,7.31e+06,6.146e+06,1.5223e+07,1.5099e+07,7.5074e+05,1.0512e+07,1.2706e+07,7.1298e+06,1.6146e+07,1.6035e+07,1.2969e+07,1.5654e+07,8.1161e+06,1.521e+07,2.4993e+06,1.6238e+07
6.3324e+05,1.6424e+07,1.685e+06,5.2316e+05,3.01e+06,1.0056e+07,2.5447e+06,1.8368e+07,9.7067e+06,1.1778e+06,8.286e+06,7.2811e+06,4.1628e+05,1.8594e+06,1.103e+06,1.1522e+05,8.3499e+06,7.3711e+06,7.5336e+05,7.9771e+05,1.6659e+07,0,4.9049e+05,2.2653e+06,1.624e+06,1.0976e+07,3.669e+06,8.144e+06,9.6586e+06,9.6781e+06,7.343e+06,6.9053e+06,8.435e+06,8.672e+06,1.1042e+06,1.0978e+07,4.2937e+06,1.4006e+07,6.0404e+06,3.2463e+05,9.589e+06,4.9677e+05,8.0765e+05,7.0954e+06,4.983e+05,8.6088e+06,9.3228e+06,8.8612e+05,2.5175e+06,7.3359e+06,1.961e+06,1.7564e+07,9.7841e+06,1.0285e+07,6.617e+06,1.1889e+07,9.1118e+06,7.3759e+06,6.4092e+06,1.072e+07,9.8422e+06,2.6446e+05,9.9928e+06,1.505e+06,2.1883e+05,1.7375e+05,8.3774e+05,1.2294e+06,2.2739e+05,1.0892e+07,1.0825e+06,8.9267e+06,4.9338e+06,1.7061e+07,8.7802e+06,1.0946e+06,1.0901e+07,2.6629e+06,1.0831e+06,9.5851e+06,9.6332e+06,6.9404e+06,9.137e+06,1.7496e+06,6.8943e+06,3.9482e+05,2.4844e+06,9.6383e+06,1.2561e+06,8.3294e+06,6.9984e+06,4.5977e+05,1.464e+07,1.5735e+05,1.4592e+07,1.2073e+06,9.1404e+06,1.8014e+06,9.1483e+06,1.5608e+06,7.9313e+06,1.1516e+07,2.2418e+06,9.349e+06,9.3496e+06,1.1037e+07,2.1824e+06,1.5609e+06,1.7136e+07,9.1852e+06,4.597e+06,9.6777e+06,2.4234e+06,1.2878e+06,8.6062e+06,1.4028e+06,8.6434e+06,1.6201e+06,1.8855e+07,9.2517e+05
8.1872e+05,1.5963e+07,1.563e+06,1.7068e+05,2.5228e+06,1.0389e+07,2.0927e+06,1.8274e+07,9.2585e+06,1.0678e+06,7.9805e+06,7.644e+06,8.1003e+05,1.3771e+06,6.5126e+05,4.6771e+05,8.8202e+06,6.8836e+06,7.6352e+05,3.9273e+05,1.632e+07,4.9049e+05,0,1.7761e+06,1.134e+06,1.128e+07,3.2195e+06,7.6851e+06,9.2789e+06,9.4918e+06,7.8081e+06,7.3069e+06,8.8864e+06,8.2879e+06,7.6372e+05,1.132e+07,4.469e+06,1.3596e+07,5.5993e+06,7.7664e+05,9.317e+06,7.5218e+05,3.1742e+05,7.5266e+06,7.9566e+05,9.0988e+06,9.7938e+06,4.8884e+05,2.4146e+06,7.826e+06,1.6526e+06,1.7091e+07,9.4058e+06,1.0688e+07,6.3257e+06,1.1419e+07,8.849e+06,7.8641e+06,6.2013e+06,1.0254e+07,1.0249e+07,5.126e+05,1.0439e+07,1.7153e+06,5.7826e+05,3.197e+05,5.7e+05,1.3173e+06,5.388e+05,1.0519e+07,8.4069e+05,9.3878e+06,4.4789e+06,1.6606e+07,9.2597e+06,6.9985e+05,1.1193e+07,2.2572e+06,6.0433e+05,9.3174e+06,9.4116e+06,6.5633e+06,8.8121e+06,1.3512e+06,6.4254e+06,6.0798e+05,1.9966e+06,9.4067e+06,1.0867e+06,8.8132e+06,7.4155e+06,2.7244e+05,1.4151e+07,5.9949e+05,1.4293e+07,7.1932e+05,8.6873e+06,2.1295e+06,9.4115e+06,1.1732e+06,8.1959e+06,1.1878e+07,1.9095e+06,9.6298e+06,9.0335e+06,1.0573e+07,1.7041e+06,1.2765e+06,1.6735e+07,8.7981e+06,4.1083e+06,9.474e+06,2.117e+06,8.4548e+05,9.0895e+06,9.1289e+05,8.4241e+06,1.1611e+06,1.8714e+07,4.9457e+05
2.417e+06,1.4297e+07,2.12e+06,1.7943e+06,7.5157e+05,1.1464e+07,7.4398e+05,1.7258e+07,7.7153e+06,1.9788e+06,7.079e+06,8.9066e+06,2.5532e+06,4.4569e+05,1.2966e+06,2.2395e+06,1.0479e+07,5.1489e+06,2.1046e+06,1.5891e+06,1.4985e+07,2.2653e+06,1.7761e+06,0,6.4361e+05,1.2206e+07,1.6616e+06,6.1104e+06,8.0291e+06,8.71e+06,9.452e+06,8.7169e+06,1.0578e+07,7.0461e+06,1.5778e+06,1.2397e+07,5.263e+06,1.2139e+07,3.9924e+06,2.5453e+06,8.2416e+06,2.4247e+06,1.4589e+06,9.0417e+06,2.486e+06,1.0874e+07,1.1451e+07,1.5485e+06,2.9227e+06,9.6005e+06,1.7541e+06,1.5376e+07,8.1584e+06,1.2036e+07,5.5655e+06,9.759e+06,7.8216e+06,9.6138e+06,5.5032e+06,8.6231e+06,1.1624e+07,2.2488e+06,1.1978e+07,2.9838e+06,2.3353e+06,2.0958e+06,1.6772e+06,2.4791e+06,2.2892e+06,9.2658e+06,1.6703e+06,1.1103e+07,2.836e+06,1.4951e+07,1.1022e+07,1.3404e+06,1.2076e+07,1.5005e+06,1.1917e+06,8.5118e+06,8.7782e+06,5.1889e+06,7.8e+06,1.0505e+06,4.8129e+06,2.2972e+06,4.3044e+05,8.7357e+06,2.0135e+06,1.0536e+07,8.8796e+06,1.8775e+06,1.2393e+07,2.3562e+06,1.3184e+07,1.0839e+06,7.1281e+06,3.6855e+06,1.025e+07,1.1446e+06,9.0862e+06,1.302e+07,1.7492e+06,1.0527e+07,8.0491e+06,8.9461e+06,2.973e+05,1.742e+06,1.5217e+07,7.3351e+06,2.3757e+06,8.9052e+06,1.6938e+06,1.0927e+06,1.0859e+07,8.637e+05,7.8439e+06,9.478e+05,1.7452e+07,1.4013e+06
1.7899e+06,1.4895e+07,1.774e+06,1.1515e+06,1.394e+06,1.1109e+07,1.1244e+06,1.77e+07,8.2526e+06,1.5053e+06,7.3568e+06,8.4666e+06,1.9108e+06,3.1337e+05,6.8828e+05,1.5961e+06,9.8912e+06,5.7669e+06,1.5381e+06,9.5805e+05,1.5475e+07,1.624e+06,1.134e+06,6.4361e+05,0,1.1913e+07,2.2065e+06,6.657e+06,8.4497e+06,9.0175e+06,8.8686e+06,8.2212e+06,9.9548e+06,7.4584e+06,1.0136e+06,1.2047e+07,4.9592e+06,1.2655e+07,4.5775e+06,1.9017e+06,8.6513e+06,1.7887e+06,8.1659e+05,8.5074e+06,1.8485e+06,1.0233e+07,1.0865e+07,9.2854e+05,2.5883e+06,8.9599e+06,1.4612e+06,1.5994e+07,8.5787e+06,1.1577e+07,5.7728e+06,1.0348e+07,8.2115e+06,8.9864e+06,5.7504e+06,9.1986e+06,1.1152e+07,1.6061e+06,1.1442e+07,2.478e+06,1.6919e+06,1.4536e+06,1.1069e+06,1.9804e+06,1.646e+06,9.6935e+06,1.1696e+06,1.0474e+07,3.4306e+06,1.5547e+07,1.038e+07,7.9429e+05,1.1799e+07,1.5689e+06,5.6584e+05,8.7636e+06,8.9669e+06,5.6907e+06,8.1262e+06,8.3516e+05,5.3727e+06,1.6582e+06,8.9827e+05,8.9382e+06,1.4893e+06,9.9212e+06,8.3641e+06,1.2521e+06,1.3025e+07,1.7199e+06,1.3581e+07,4.4624e+05,7.6706e+06,3.0819e+06,9.9768e+06,8.1403e+05,8.7852e+06,1.2648e+07,1.5646e+06,1.0233e+07,8.3662e+06,9.5201e+06,6.3261e+05,1.3132e+06,1.5769e+07,7.8784e+06,2.9894e+06,9.0707e+06,1.6902e+06,5.6683e+05,1.0216e+07,2.213e+05,8.0046e+06,5.4415e+05,1.7973e+07,7.9682e+05
1.1449e+07,1.2111e+07,1.0142e+07,1.1417e+07,1.2467e+07,1.0368e+06,1.1667e+07,1.0379e+07,1.6878e+07,1.0439e+07,1.9261e+07,3.8073e+06,1.1082e+07,1.1851e+07,1.1884e+07,1.1084e+07,4.6393e+06,1.4928e+07,1.0554e+07,1.1673e+07,1.2381e+07,1.0976e+07,1.128e+07,1.2206e+07,1.1913e+07,0,1.181e+07,1.6532e+07,1.8501e+07,6.8798e+06,5.0691e+06,4.4072e+06,8.6088e+06,1.8509e+07,1.2039e+07,6.4255e+05,6.9578e+06,1.4707e+07,1.1771e+07,1.0961e+07,8.1352e+06,1.1307e+07,1.1461e+07,4.5748e+06,1.1254e+07,6.4198e+06,4.2286e+06,1.1769e+07,1.3302e+07,6.8739e+06,1.2925e+07,1.1041e+07,1.847e+07,1.9721e+06,1.759e+07,1.5224e+07,8.1046e+06,6.1368e+06,8.246e+06,1.5964e+07,2.2431e+06,1.1209e+07,3.1343e+06,9.5715e+06,1.1113e+07,1.1103e+07,1.0928e+07,1.0019e+07,1.1155e+07,1.7787e+07,1.0778e+07,8.1653e+06,1.2053e+07,1.1639e+07,7.3709e+06,1.1163e+07,2.0421e+05,1.3455e+07,1.1492e+07,1.923e+07,1.8627e+07,1.0409e+07,1.9634e+07,1.1174e+07,1.5791e+07,1.13e+07,1.2635e+07,1.8755e+07,1.2221e+07,5.3115e+06,4.4762e+06,1.1017e+07,1.2615e+07,1.0819e+07,1.4448e+07,1.1788e+07,1.68e+07,1.1394e+07,1.9593e+06,1.1126e+07,3.1286e+06,1.1496e+06,1.319e+07,1.6815e+06,1.9625e+07,1.5884e+07,1.1914e+07,1.2532e+07,1.1821e+07,1.0218e+07,1.38e+07,1.8373e+07,1.0567e+07,1.1357e+07,7.1686e+06,1.1786e+07,1.8705e+07,1.2304e+07,1.0008e+07,1.1258e+07
3.9724e+06,1.3317e+07,2.7307e+06,3.2915e+06,1.1057e+06,1.1286e+07,1.1268e+06,1.6561e+07,7.2672e+06,2.9082e+06,7.552e+06,9.1173e+06,4.0295e+06,1.9003e+06,2.8947e+06,3.6788e+06,1.1253e+07,4.3487e+06,3.2331e+06,3.1473e+06,1.4397e+07,3.669e+06,3.2195e+06,1.6616e+06,2.2065e+06,1.181e+07,0,5.7002e+06,8.022e+06,7.2088e+06,1.0232e+07,9.1371e+06,1.2103e+07,7.117e+06,3.2115e+06,1.2159e+07,5.2644e+06,1.1605e+07,2.3824e+06,3.9848e+06,6.6312e+06,3.9486e+06,2.9275e+06,9.6041e+06,4.0016e+06,1.2072e+07,1.218e+07,3.1296e+06,4.5414e+06,1.0816e+07,3.3824e+06,1.4249e+07,8.1462e+06,1.2178e+07,6.2995e+06,8.9745e+06,6.2326e+06,1.0676e+07,4.1676e+06,7.95e+06,1.183e+07,3.7301e+06,1.2435e+07,3.8145e+06,3.7969e+06,3.5206e+06,2.8896e+06,3.3664e+06,3.7583e+06,9.1776e+06,2.7363e+06,1.2593e+07,1.2668e+06,1.3952e+07,1.2395e+07,2.5822e+06,1.1643e+07,2.8994e+06,2.6227e+06,8.9866e+06,9.4032e+06,3.5304e+06,8.1012e+06,1.9552e+06,4.4271e+06,3.8089e+06,1.8229e+06,9.3279e+06,3.6668e+06,1.1479e+07,9.3704e+06,3.2188e+06,1.1246e+07,3.7136e+06,1.3013e+07,2.6394e+06,6.683e+06,5.2823e+06,9.8895e+06,2.1457e+06,8.8545e+06,1.2816e+07,3.3238e+06,1.0209e+07,8.3645e+06,8.2693e+06,1.5739e+06,3.4028e+06,1.439e+07,5.6793e+06,2.0068e+06,9.5816e+06,1.7522e+06,2.3821e+06,1.2193e+07,2.3921e+06,8.5753e+06,2.608e+06,1.6515e+07,2.7446e+06
7.9605e+06,8.2803e+06,8.1515e+06,7.621e+06,5.5277e+06,1.6572e+07,6.3272e+06,1.1174e+07,1.6083e+06,8.0867e+06,3.2664e+06,1.4817e+07,8.2625e+06,6.5532e+06,7.0428e+06,8.0725e+06,1.647e+07,1.6706e+06,8.1937e+06,7.3469e+06,8.8926e+06,8.144e+06,7.6851e+06,6.1104e+06,6.657e+06,1.6532e+07,5.7002e+06,0,2.5483e+06,9.6932e+06,1.5484e+07,1.4785e+07,1.4133e+07,1.9804e+06,7.0833e+06,1.7141e+07,1.0963e+07,6.0377e+06,4.9606e+06,8.3247e+06,8.4578e+06,8.0541e+06,7.3957e+06,1.5152e+07,8.122e+06,1.5889e+07,1.7426e+07,7.2611e+06,6.7313e+06,1.4852e+07,6.3898e+06,9.4255e+06,2.6508e+06,1.7791e+07,3.5902e+06,3.7672e+06,8.4483e+06,1.5242e+07,8.4761e+06,2.5853e+06,1.7504e+07,8.009e+06,1.8085e+07,9.0934e+06,8.1145e+06,7.974e+06,7.762e+06,8.5888e+06,8.064e+06,3.5394e+06,7.7802e+06,1.4695e+07,5.0016e+06,8.9213e+06,1.5287e+07,7.4359e+06,1.6329e+07,5.5392e+06,7.2124e+06,4.2236e+06,4.8851e+06,6.1797e+06,3.1819e+06,7.1041e+06,1.3069e+06,7.9844e+06,5.7617e+06,4.7506e+06,7.1797e+06,1.628e+07,1.4976e+07,7.8745e+06,6.7049e+06,8.2776e+06,7.3138e+06,6.9866e+06,1.0183e+06,8.7085e+06,1.5084e+07,7.2358e+06,1.4325e+07,1.765e+07,6.0969e+06,1.5429e+07,3.4068e+06,2.8965e+06,6.3347e+06,6.7632e+06,9.1136e+06,6.3811e+06,3.8254e+06,5.1434e+06,7.3518e+06,7.1909e+06,1.5361e+07,6.8595e+06,4.6061e+06,6.5264e+06,1.1342e+07,7.4519e+06
9.284e+06,6.9587e+06,1.0149e+07,9.1676e+06,7.6034e+06,1.9078e+07,8.4294e+06,9.2541e+06,1.698e+06,9.9544e+06,1.8866e+06,1.6913e+07,9.6395e+06,8.4383e+06,8.6361e+06,9.5617e+06,1.684e+07,4.2156e+06,9.9365e+06,8.8945e+06,7.0514e+06,9.6586e+06,9.2789e+06,8.0291e+06,8.4497e+06,1.8501e+07,8.022e+06,2.5483e+06,0,1.1838e+07,1.6289e+07,1.6544e+07,1.2904e+07,9.931e+05,8.556e+06,1.9046e+07,1.3221e+07,4.3787e+06,7.5089e+06,9.7415e+06,1.0574e+07,9.4124e+06,9.0452e+06,1.6575e+07,9.4734e+06,1.5101e+07,1.7293e+07,8.7991e+06,7.5855e+06,1.4618e+07,7.7096e+06,8.0979e+06,1.293e+05,1.9541e+07,3.3489e+06,3.3254e+06,1.0668e+07,1.5329e+07,1.1017e+07,2.5373e+06,1.9248e+07,9.4569e+06,1.8374e+07,1.0914e+07,9.5602e+06,9.5092e+06,9.5241e+06,1.0425e+07,9.5137e+06,1.2446e+06,9.6192e+06,1.3333e+07,7.4888e+06,7.5138e+06,1.414e+07,9.2398e+06,1.8353e+07,7.0232e+06,8.9462e+06,1.9585e+06,2.6508e+06,8.6813e+06,1.135e+06,9.0783e+06,3.6503e+06,9.3893e+06,7.6205e+06,2.5047e+06,8.4786e+06,1.6196e+07,1.6578e+07,9.5199e+06,6.1001e+06,9.8117e+06,5.1551e+06,8.6702e+06,1.9329e+06,9.5932e+06,1.7621e+07,9.1681e+06,1.6836e+07,1.8795e+07,7.4214e+06,1.7964e+07,1.207e+06,2.6228e+06,8.2997e+06,8.1126e+06,7.4788e+06,8.5138e+06,6.0322e+06,2.9105e+06,9.5212e+06,9.016e+06,1.4348e+07,8.6155e+06,2.8153e+06,8.1582e+06,9.5414e+06,9.1914e+06
1.0274e+07,1.0177e+07,7.9932e+06,9.6483e+06,8.3107e+06,7.2652e+06,7.9775e+06,1.1796e+07,1.0147e+07,8.5014e+06,1.2951e+07,7.7961e+06,1.0082e+07,8.7273e+06,9.5855e+06,9.7657e+06,1.0534e+07,8.2201e+06,8.9274e+06,9.6827e+06,1.171e+07,9.6781e+06,9.4918e+06,8.71e+06,9.0175e+06,6.8798e+06,7.2088e+06,9.6932e+06,1.1838e+07,0,1.0236e+07,8.5482e+06,1.4767e+07,1.1637e+07,9.9412e+06,7.5173e+06,6.583e+06,1.1236e+07,5.6651e+06,9.9552e+06,1.2646e+06,1.0162e+07,9.3571e+06,9.2075e+06,1.0174e+07,1.2637e+07,1.0645e+07,9.7237e+06,1.1602e+07,1.2362e+07,1.0445e+07,1.0048e+07,1.1877e+07,8.6542e+06,1.2661e+07,9.4839e+06,1.2663e+06,1.1573e+07,3.2945e+06,9.5917e+06,8.7153e+06,9.8999e+06,9.7673e+06,8.5302e+06,9.8936e+06,9.6364e+06,8.9274e+06,8.5385e+06,9.8876e+06,1.2054e+07,8.6563e+06,1.456e+07,6.5368e+06,1.0343e+07,1.3696e+07,8.8382e+06,6.6814e+06,1.0102e+07,9.1128e+06,1.3782e+07,1.4476e+07,4.0838e+06,1.2794e+07,8.2873e+06,9.2861e+06,1.0032e+07,8.9877e+06,1.4331e+07,1.0427e+07,1.1291e+07,8.8732e+06,9.2992e+06,8.7208e+06,9.5995e+06,1.2793e+07,9.3126e+06,9.9473e+06,1.1424e+07,6.0646e+06,8.4167e+06,6.1677e+06,7.9601e+06,1.0459e+07,6.3414e+06,1.2974e+07,9.6783e+06,8.4952e+06,1.0329e+07,1.1014e+07,3.3395e+06,8.4581e+06,1.4738e+07,7.4214e+06,8.8086e+06,1.341e+07,9.101e+06,1.4296e+07,9.5472e+06,1.1336e+07,9.0543e+06
